SAC	SAC vs. PHX	12/12/2017		W	48	99	38	89	42.7	7	22	31.8	16	22	72.7	11	34	45	21	9	9	3	18	7	
BKN	BKN vs. WAS	12/12/2017		W	48	103	34	84	40.5	10	43	23.3	25	33	75.8	9	44	53	26	14	4	6	21	5	
DET	DET vs. DEN	12/12/2017		L	48	84	28	79	35.4	9	25	36.0	19	22	86.4	11	29	40	17	21	7	2	16	-19	
PHI	PHI @ MIN	12/12/2017		W	53	117	40	80	50.0	11	26	42.3	26	31	83.9	7	45	52	32	26	6	3	18	5	
PHX	PHX @ SAC	12/12/2017		L	48	92	37	90	41.1	7	32	21.9	11	14	78.6	13	32	45	22	12	5	4	18	-7	
ATL	ATL @ CLE	12/12/2017		L	48	114	43	92	46.7	16	36	44.4	12	13	92.3	10	27	37	26	10	8	4	17	-9	
DAL	DAL vs. SAS	12/12/2017		W	48	95	38	89	42.7	9	24	37.5	10	12	83.3	8	41	49	17	8	8	2	19	6	
SAS	SAS @ DAL	12/12/2017		L	48	89	35	87	40.2	7	28	25.0	12	19	63.2	10	39	49	20	10	4	5	11	-6	
DEN	DEN @ DET	12/12/2017		W	48	103	40	79	50.6	10	30	33.3	13	14	92.9	6	38	44	27	17	8	3	15	19	
WAS	WAS @ BKN	12/12/2017		L	48	98	38	95	40.0	4	22	18.2	18	22	81.8	12	37	49	18	11	8	3	26	-5	
CLE	CLE vs. ATL	12/12/2017		W	48	123	48	86	55.8	20	38	52.6	7	10	70.0	6	31	37	35	13	5	2	18	9	
MIN	MIN vs. PHI	12/12/2017		L	53	112	44	108	40.7	5	29	17.2	19	27	70.4	17	33	50	19	10	14	7	21	-5	
LAL	LAL @ NYK	12/12/2017		L	53	109	42	102	41.2	13	35	37.1	12	15	80.0	20	32	52	24	16	6	6	19	-4	
NYK	NYK vs. LAL	12/12/2017		W	53	113	48	101	47.5	9	22	40.9	8	11	72.7	15	34	49	25	14	7	7	16	4	
CHI	CHI vs. BOS	12/11/2017		W	48	108	39	81	48.1	12	29	41.4	18	25	72.0	10	36	46	23	9	9	3	18	23	
MEM	MEM vs. MIA	12/11/2017		L	48	82	28	72	38.9	8	27	29.6	18	27	66.7	6	25	31	17	15	6	1	22	-25	
MIA	MIA @ MEM	12/11/2017		W	48	107	37	66	56.1	14	27	51.9	19	24	79.2	2	33	35	24	14	8	8	22	25	
NOP	NOP @ HOU	12/11/2017		L	48	123	49	85	57.6	18	33	54.5	7	13	53.8	6	35	41	32	18	6	2	19	-7	
POR	POR @ GSW	12/11/2017		L	48	104	37	88	42.0	7	28	25.0	23	25	92.0	12	27	39	14	10	11	2	18	-7	
GSW	GSW vs. POR	12/11/2017		W	48	111	44	80	55.0	10	20	50.0	13	17	76.5	6	36	42	26	14	5	9	16	7	
HOU	HOU vs. NOP	12/11/2017		W	48	130	48	88	54.5	17	45	37.8	17	25	68.0	4	32	36	30	9	12	7	15	7	
CHA	CHA @ OKC	12/11/2017		W	48	116	43	81	53.1	13	25	52.0	17	24	70.8	9	32	41	22	15	8	4	20	13	
OKC	OKC vs. CHA	12/11/2017		L	48	103	35	85	41.2	9	26	34.6	24	25	96.0	11	28	39	16	15	5	2	19	-13	
LAC	LAC vs. TOR	12/11/2017		W	48	96	34	91	37.4	8	36	22.2	20	24	83.3	14	43	57	18	13	6	7	20	5	
TOR	TOR @ LAC	12/11/2017		L	48	91	32	80	40.0	7	29	24.1	20	26	76.9	3	39	42	18	13	9	6	22	-5	
BOS	BOS @ CHI	12/11/2017		L	48	85	33	83	39.8	10	40	25.0	9	14	64.3	11	35	46	22	16	2	1	19	-23	
MIN	MIN vs. DAL	12/10/2017		W	48	97	36	72	50.0	7	19	36.8	18	23	78.3	9	36	45	19	18	7	2	19	5	
IND	IND vs. DEN	12/10/2017		W	53	126	49	93	52.7	10	25	40.0	18	22	81.8	11	29	40	24	11	6	2	17	10	
SAC	SAC vs. TOR	12/10/2017		L	48	87	35	73	47.9	10	23	43.5	7	14	50.0	7	35	42	15	21	7	6	17	-15	
NYK	NYK vs. ATL	12/10/2017		W	48	111	39	80	48.8	5	17	29.4	28	34	82.4	6	27	33	16	12	9	4	30	4	
DET	DET vs. BOS	12/10/2017		L	48	81	28	84	33.3	10	33	30.3	15	19	78.9	11	35	46	14	10	7	4	16	-10	
DEN	DEN @ IND	12/10/2017		L	53	116	43	95	45.3	17	42	40.5	13	17	76.5	19	28	47	24	22	7	5	20	-10	
BOS	BOS @ DET	12/10/2017		W	48	91	33	79	41.8	11	30	36.7	14	18	77.8	9	41	50	16	14	4	4	18	10	
PHI	PHI @ NOP	12/10/2017		L	48	124	44	96	45.8	9	29	31.0	27	30	90.0	22	25	47	26	17	5	4	29	-7	
ATL	ATL @ NYK	12/10/2017		L	48	107	37	77	48.1	9	31	29.0	24	30	80.0	6	29	35	22	17	5	4	28	-4	
DAL	DAL @ MIN	12/10/2017		L	48	92	37	81	45.7	11	31	35.5	7	9	77.8	6	27	33	23	11	6	5	22	-5	
NOP	NOP vs. PHI	12/10/2017		W	48	131	46	80	57.5	15	24	62.5	24	32	75.0	5	28	33	31	15	11	9	21	7	
TOR	TOR @ SAC	12/10/2017		W	48	102	39	87	44.8	11	37	29.7	13	19	68.4	12	32	44	22	13	8	2	17	15	
MIL	MIL vs. UTA	12/09/2017		W	48	117	44	81	54.3	7	17	41.2	22	26	84.6	8	33	41	22	11	8	6	29	17	
NYK	NYK @ CHI	12/09/2017		L	48	102	43	91	47.3	7	24	29.2	9	9	100	8	32	40	25	15	6	3	17	-2	
HOU	HOU @ POR	12/09/2017		W	48	124	40	75	53.3	10	25	40.0	34	42	81.0	7	28	35	14	12	13	2	17	7	
CHA	CHA vs. LAL	12/09/2017		L	48	99	41	93	44.1	8	25	32.0	9	14	64.3	9	34	43	21	11	7	3	21	-11	
WAS	WAS @ LAC	12/09/2017		L	48	112	42	82	51.2	13	32	40.6	15	23	65.2	9	35	44	33	14	5	2	18	-1	
MIA	MIA @ BKN	12/09/2017		W	48	101	42	90	46.7	8	27	29.6	9	14	64.3	8	36	44	15	6	6	8	17	12	
MEM	MEM vs. OKC	12/09/2017		L	53	101	39	88	44.3	13	33	39.4	10	17	58.8	13	35	48	23	15	5	5	30	-1	
LAC	LAC vs. WAS	12/09/2017		W	48	113	39	80	48.8	14	32	43.8	21	24	87.5	4	29	33	22	10	8	4	19	1	
SAS	SAS @ PHX	12/09/2017		W	48	104	40	87	46.0	6	19	31.6	18	25	72.0	18	34	52	18	15	5	6	23	3	
BKN	BKN vs. MIA	12/09/2017		L	48	89	33	81	40.7	7	27	25.9	16	19	84.2	8	35	43	16	14	3	3	17	-12	
OKC	OKC @ MEM	12/09/2017		W	53	102	36	92	39.1	12	34	35.3	18	31	58.1	16	30	46	18	10	8	5	21	1	
CHI	CHI vs. NYK	12/09/2017		W	48	104	42	82	51.2	7	25	28.0	13	23	56.5	8	32	40	28	15	10	7	19	2	
POR	POR vs. HOU	12/09/2017		L	48	117	45	88	51.1	18	41	43.9	9	12	75.0	7	26	33	19	16	4	5	28	-7	
PHI	PHI @ CLE	12/09/2017		L	48	98	37	78	47.4	11	33	33.3	13	13	100	7	32	39	31	19	10	2	21	-7	
UTA	UTA @ MIL	12/09/2017		L	48	100	33	76	43.4	8	23	34.8	26	37	70.3	9	26	35	20	16	7	3	23	-17	
CLE	CLE vs. PHI	12/09/2017		W	48	105	36	75	48.0	14	29	48.3	19	24	79.2	6	27	33	26	18	12	2	16	7	
PHX	PHX vs. SAS	12/09/2017		L	48	101	35	80	43.8	7	25	28.0	24	30	80.0	10	30	40	11	11	4	1	21	-3	
ORL	ORL @ ATL	12/09/2017		L	48	110	45	92	48.9	13	34	38.2	7	8	87.5	10	29	39	39	12	7	2	24	-7	
LAL	LAL @ CHA	12/09/2017		W	48	110	43	85	50.6	9	27	33.3	15	21	71.4	6	40	46	24	14	7	5	21	11	
ATL	ATL vs. ORL	12/09/2017		W	48	117	41	80	51.3	17	33	51.5	18	25	72.0	9	31	40	33	12	7	6	13	7	
DAL	DAL @ MIL	12/08/2017		L	48	102	35	75	46.7	10	24	41.7	22	26	84.6	4	32	36	18	12	6	2	22	-7	
CHA	CHA vs. CHI	12/08/2017		L	53	111	40	100	40.0	10	29	34.5	21	29	72.4	9	41	50	22	11	7	11	21	-8	
NOP	NOP vs. SAC	12/08/2017		L	53	109	41	89	46.1	10	28	35.7	17	19	89.5	7	28	35	19	17	7	3	14	-7	
TOR	TOR @ MEM	12/08/2017		W	48	116	37	78	47.4	13	31	41.9	29	33	87.9	10	26	36	21	11	8	3	23	9	
CLE	CLE @ IND	12/08/2017		L	48	102	37	86	43.0	11	36	30.6	17	22	77.3	9	35	44	23	12	4	4	23	-4	
BOS	BOS @ SAS	12/08/2017		L	48	102	38	83	45.8	11	38	28.9	15	17	88.2	11	28	39	14	14	10	0	22	-3	
DET	DET vs. GSW	12/08/2017		L	48	98	38	92	41.3	12	27	44.4	10	19	52.6	15	34	49	20	13	8	2	17	-4	
DEN	DEN @ ORL	12/08/2017		W	48	103	42	85	49.4	6	21	28.6	13	16	81.3	6	38	44	21	13	7	7	20	14	
MEM	MEM vs. TOR	12/08/2017		L	48	107	41	82	50.0	9	27	33.3	16	22	72.7	11	24	35	24	17	8	3	25	-9	
GSW	GSW @ DET	12/08/2017		W	48	102	39	81	48.1	7	26	26.9	17	22	77.3	5	40	45	29	14	5	15	19	4	
SAC	SAC @ NOP	12/08/2017		W	53	116	47	97	48.5	13	30	43.3	9	14	64.3	11	35	46	21	20	12	4	21	7	
SAS	SAS vs. BOS	12/08/2017		W	48	105	38	81	46.9	8	27	29.6	21	24	87.5	14	32	46	16	13	6	3	14	3	
IND	IND vs. CLE	12/08/2017		W	48	106	38	86	44.2	15	39	38.5	15	24	62.5	12	38	50	21	10	6	4	19	4	
ORL	ORL vs. DEN	12/08/2017		L	48	89	33	83	39.8	5	21	23.8	18	23	78.3	11	31	42	18	15	5	7	17	-14	
CHI	CHI @ CHA	12/08/2017		W	53	119	48	99	48.5	6	18	33.3	17	22	77.3	6	50	56	23	14	5	7	29	8	
MIL	MIL vs. DAL	12/08/2017		W	48	109	36	79	45.6	8	24	33.3	29	34	85.3	7	33	40	20	10	10	6	24	7	
PHX	PHX vs. WAS	12/07/2017		L	48	99	36	78	46.2	7	23	30.4	20	28	71.4	10	32	42	22	14	5	5	21	-10	
WAS	WAS @ PHX	12/07/2017		W	48	109	41	81	50.6	8	21	38.1	19	25	76.0	8	30	38	25	11	6	4	23	10	
BKN	BKN vs. OKC	12/07/2017		W	48	100	35	80	43.8	11	37	29.7	19	30	63.3	7	42	49	24	16	3	7	21	5	
PHI	PHI vs. LAL	12/07/2017		L	48	104	39	81	48.1	10	26	38.5	16	21	76.2	7	37	44	29	18	3	13	27	-3	
HOU	HOU @ UTA	12/07/2017		W	48	112	38	81	46.9	18	42	42.9	18	24	75.0	8	38	46	22	17	10	5	25	11	
LAL	LAL @ PHI	12/07/2017		W	48	107	42	96	43.8	11	28	39.3	12	24	50.0	15	29	44	22	12	13	7	24	3	
UTA	UTA vs. HOU	12/07/2017		L	48	101	34	77	44.2	11	30	36.7	22	27	81.5	4	28	32	17	13	10	5	21	-11	
OKC	OKC @ BKN	12/07/2017		L	48	95	38	98	38.8	7	24	29.2	12	23	52.2	17	37	54	18	12	6	3	25	-5	
SAC	SAC @ CLE	12/06/2017		L	48	95	39	86	45.3	10	32	31.3	7	13	53.8	9	36	45	25	14	15	5	20	-6	
LAC	LAC vs. MIN	12/06/2017		L	48	107	44	99	44.4	10	32	31.3	9	15	60.0	17	26	43	23	9	6	3	17	-6	
GSW	GSW @ CHA	12/06/2017		W	48	101	40	84	47.6	11	30	36.7	10	13	76.9	8	39	47	26	15	8	12	20	14	
BOS	BOS vs. DAL	12/06/2017		W	48	97	36	87	41.4	12	34	35.3	13	17	76.5	9	44	53	25	12	8	8	15	7	
DET	DET @ MIL	12/06/2017		L	48	100	36	87	41.4	10	30	33.3	18	27	66.7	17	29	46	20	12	5	0	20	-4	
DAL	DAL @ BOS	12/06/2017		L	48	90	34	86	39.5	9	28	32.1	13	17	76.5	6	39	45	19	11	7	5	12	-7	
ATL	ATL @ ORL	12/06/2017		L	53	106	40	93	43.0	11	27	40.7	15	20	75.0	11	38	49	25	19	7	3	16	-4	
MIN	MIN @ LAC	12/06/2017		W	48	113	45	82	54.9	7	19	36.8	16	21	76.2	8	38	46	29	15	4	7	17	6	
CLE	CLE vs. SAC	12/06/2017		W	48	101	37	78	47.4	14	39	35.9	13	21	61.9	7	36	43	28	15	5	3	10	6	
NYK	NYK vs. MEM	12/06/2017		W	48	99	35	67	52.2	9	14	64.3	20	27	74.1	10	32	42	22	18	8	3	21	11	
SAS	SAS vs. MIA	12/06/2017		W	48	117	46	87	52.9	13	25	52.0	12	14	85.7	10	24	34	30	11	6	7	14	12	
DEN	DEN @ NOP	12/06/2017		L	48	114	41	94	43.6	16	35	45.7	16	22	72.7	10	30	40	22	9	7	4	21	-9	
IND	IND vs. CHI	12/06/2017		W	48	98	39	87	44.8	12	34	35.3	8	10	80.0	7	32	39	21	13	7	5	14	2	
NOP	NOP vs. DEN	12/06/2017		W	48	123	46	86	53.5	12	31	38.7	19	29	65.5	11	38	49	28	13	4	5	19	9	
MIA	MIA @ SAS	12/06/2017		L	48	105	39	72	54.2	18	34	52.9	9	12	75.0	6	23	29	28	19	7	4	17	-12	
CHI	CHI @ IND	12/06/2017		L	48	96	39	83	47.0	10	26	38.5	8	16	50.0	11	35	46	18	16	3	5	15	-2	
MEM	MEM @ NYK	12/06/2017		L	48	88	29	70	41.4	12	28	42.9	18	22	81.8	4	23	27	14	15	8	5	24	-11	
MIL	MIL vs. DET	12/06/2017		W	48	104	39	79	49.4	8	22	36.4	18	26	69.2	13	28	41	22	12	7	5	21	4	
CHA	CHA vs. GSW	12/06/2017		L	48	87	34	97	35.1	6	19	31.6	13	17	76.5	14	35	49	17	12	5	3	13	-14	
ORL	ORL vs. ATL	12/06/2017		W	53	110	46	98	46.9	6	28	21.4	12	18	66.7	13	39	52	17	17	9	7	23	4	
OKC	OKC vs. UTA	12/05/2017		W	48	100	39	81	48.1	4	18	22.2	18	26	69.2	12	34	46	18	19	11	6	18	6	
POR	POR vs. WAS	12/05/2017		L	48	92	32	78	41.0	12	27	44.4	16	21	76.2	7	34	41	18	19	2	5	20	-14	
PHX	PHX @ TOR	12/05/2017		L	48	113	37	75	49.3	9	24	37.5	30	38	78.9	0	35	35	23	17	7	4	24	-13	
WAS	WAS @ POR	12/05/2017		W	48	106	42	89	47.2	11	25	44.0	11	14	78.6	11	33	44	20	10	16	6	22	14	
TOR	TOR vs. PHX	12/05/2017		W	48	126	44	92	47.8	15	36	41.7	23	26	88.5	8	34	42	30	18	13	4	28	13	
UTA	UTA @ OKC	12/05/2017		L	48	94	34	79	43.0	11	33	33.3	15	21	71.4	9	26	35	18	18	16	5	21	-6	
MIL	MIL @ BOS	12/04/2017		L	48	100	35	78	44.9	9	21	42.9	21	24	87.5	3	25	28	17	10	6	2	17	-11	
PHX	PHX @ PHI	12/04/2017		W	48	115	44	91	48.4	10	22	45.5	17	22	77.3	15	31	46	25	11	10	9	14	14	
BOS	BOS vs. MIL	12/04/2017		W	48	111	43	78	55.1	10	22	45.5	15	19	78.9	8	37	45	25	15	5	3	20	11	
NOP	NOP vs. GSW	12/04/2017		L	48	115	45	91	49.5	16	39	41.0	9	15	60.0	11	36	47	33	21	11	4	26	-10	
MEM	MEM vs. MIN	12/04/2017		W	48	95	34	72	47.2	6	21	28.6	21	24	87.5	6	35	41	22	16	6	8	22	3	
BKN	BKN @ ATL	12/04/2017		W	48	110	41	85	48.2	15	36	41.7	13	15	86.7	12	40	52	29	24	7	6	28	20	
UTA	UTA vs. WAS	12/04/2017		W	48	116	43	76	56.6	16	34	47.1	14	18	77.8	10	42	52	29	16	9	3	20	47	
WAS	WAS @ UTA	12/04/2017		L	48	69	23	80	28.8	4	20	20.0	19	23	82.6	12	19	31	9	13	8	2	21	-47	
IND	IND vs. NYK	12/04/2017		W	48	115	46	86	53.5	11	26	42.3	12	15	80.0	7	37	44	28	16	10	5	20	18	
SAS	SAS vs. DET	12/04/2017		W	48	96	35	82	42.7	14	31	45.2	12	12	100	10	41	51	30	17	2	7	20	3	
PHI	PHI vs. PHX	12/04/2017		L	48	101	39	91	42.9	7	30	23.3	16	16	100	13	34	47	23	14	9	6	22	-14	
DET	DET @ SAS	12/04/2017		L	48	93	35	85	41.2	8	27	29.6	15	24	62.5	7	35	42	15	10	8	2	22	-3	
CHI	CHI vs. CLE	12/04/2017		L	48	91	34	82	41.5	9	34	26.5	14	18	77.8	10	33	43	21	11	4	5	16	-22	
ORL	ORL @ CHA	12/04/2017		L	48	94	36	82	43.9	10	32	31.3	12	14	85.7	5	35	40	24	20	5	5	30	-10	
CLE	CLE @ CHI	12/04/2017		W	48	113	42	81	51.9	13	36	36.1	16	17	94.1	5	41	46	22	8	6	2	13	22	
DEN	DEN @ DAL	12/04/2017		L	48	105	38	91	41.8	14	36	38.9	15	23	65.2	15	34	49	25	7	5	5	19	-17	
ATL	ATL vs. BKN	12/04/2017		L	48	90	30	82	36.6	9	30	30.0	21	27	77.8	9	29	38	18	18	9	2	19	-20	
DAL	DAL vs. DEN	12/04/2017		W	48	122	49	86	57.0	12	26	46.2	12	17	70.6	5	37	42	26	7	4	6	18	17	
NYK	NYK @ IND	12/04/2017		L	48	97	40	91	44.0	6	23	26.1	11	16	68.8	15	28	43	26	18	4	2	15	-18	
MIN	MIN @ MEM	12/04/2017		L	48	92	35	79	44.3	4	17	23.5	18	19	94.7	7	27	34	17	9	9	2	16	-3	
GSW	GSW @ NOP	12/04/2017		W	48	125	45	87	51.7	16	33	48.5	19	27	70.4	5	35	40	36	17	14	5	17	10	
CHA	CHA vs. ORL	12/04/2017		W	48	104	34	84	40.5	3	17	17.6	33	40	82.5	11	41	52	17	15	13	5	18	10	
NYK	NYK vs. ORL	12/03/2017		L	48	100	43	93	46.2	5	15	33.3	9	10	90.0	10	35	45	18	14	4	4	24	-5	
HOU	HOU @ LAL	12/03/2017		W	48	118	45	90	50.0	14	37	37.8	14	17	82.4	7	36	43	17	15	10	4	23	23	
MIA	MIA vs. GSW	12/03/2017		L	48	95	33	81	40.7	14	37	37.8	15	17	88.2	5	23	28	17	12	5	4	15	-28	
MIN	MIN vs. LAC	12/03/2017		W	48	112	38	88	43.2	8	26	30.8	28	31	90.3	14	28	42	22	7	9	1	16	6	
SAS	SAS @ OKC	12/03/2017		L	48	87	31	76	40.8	8	28	28.6	17	23	73.9	8	31	39	14	17	11	9	24	-3	
LAC	LAC @ MIN	12/03/2017		L	48	106	37	73	50.7	15	34	44.1	17	22	77.3	8	29	37	21	16	3	7	26	-6	
OKC	OKC vs. SAS	12/03/2017		W	48	90	37	87	42.5	6	22	27.3	10	21	47.6	15	32	47	21	20	8	2	19	3	
ORL	ORL @ NYK	12/03/2017		W	48	105	37	82	45.1	6	28	21.4	25	29	86.2	8	34	42	19	12	8	3	11	5	
LAL	LAL vs. HOU	12/03/2017		L	48	95	32	84	38.1	9	28	32.1	22	30	73.3	11	34	45	16	21	9	6	22	-23	
GSW	GSW @ MIA	12/03/2017		W	48	123	47	84	56.0	11	30	36.7	18	24	75.0	7	34	41	32	10	4	4	14	28	
BOS	BOS vs. PHX	12/02/2017		W	48	116	42	80	52.5	14	31	45.2	18	23	78.3	4	27	31	32	9	8	6	16	5	
PHI	PHI vs. DET	12/02/2017		W	48	108	35	86	40.7	10	28	35.7	28	32	87.5	17	30	47	27	18	7	4	24	5	
NOP	NOP @ POR	12/02/2017		W	48	123	45	86	52.3	15	31	48.4	18	25	72.0	4	44	48	22	12	2	3	16	7	
MIL	MIL vs. SAC	12/02/2017		W	48	109	34	69	49.3	6	19	31.6	35	42	83.3	9	27	36	20	15	9	6	18	5	
CLE	CLE vs. MEM	12/02/2017		W	48	116	42	75	56.0	11	24	45.8	21	23	91.3	1	30	31	24	11	8	7	14	5	
MEM	MEM @ CLE	12/02/2017		L	48	111	43	84	51.2	13	23	56.5	12	14	85.7	6	30	36	31	13	6	4	19	-5	
BKN	BKN vs. ATL	12/02/2017		L	48	102	34	82	41.5	17	42	40.5	17	21	81.0	12	34	46	26	19	1	8	18	-12	
DET	DET @ PHI	12/02/2017		L	48	103	34	78	43.6	9	31	29.0	26	32	81.3	7	29	36	20	19	8	2	27	-5	
LAL	LAL @ DEN	12/02/2017		L	48	100	38	86	44.2	9	30	30.0	15	21	71.4	17	35	52	21	21	5	2	24	-15	
ATL	ATL @ BKN	12/02/2017		W	48	114	47	99	47.5	10	27	37.0	10	14	71.4	13	34	47	18	10	12	5	19	12	
DEN	DEN vs. LAL	12/02/2017		W	48	115	40	87	46.0	12	31	38.7	23	28	82.1	9	30	39	26	12	8	6	19	15	
POR	POR vs. NOP	12/02/2017		L	48	116	47	105	44.8	11	35	31.4	11	11	100	9	35	44	20	5	6	3	17	-7	
SAC	SAC @ MIL	12/02/2017		L	48	104	37	77	48.1	11	24	45.8	19	21	90.5	6	27	33	20	17	7	1	28	-5	
PHX	PHX @ BOS	12/02/2017		L	48	111	48	101	47.5	7	24	29.2	8	11	72.7	16	31	47	24	12	8	1	19	-5	
LAC	LAC @ DAL	12/02/2017		L	48	82	30	86	34.9	6	22	27.3	16	23	69.6	11	27	38	16	11	8	6	20	-26	
DAL	DAL vs. LAC	12/02/2017		W	48	108	36	79	45.6	16	35	45.7	20	26	76.9	15	39	54	24	17	4	7	20	26	
MIN	MIN @ OKC	12/01/2017		L	48	107	39	76	51.3	12	24	50.0	17	21	81.0	6	20	26	26	17	7	5	20	-4	
UTA	UTA vs. NOP	12/01/2017		W	48	114	42	85	49.4	12	30	40.0	18	25	72.0	8	38	46	25	9	7	3	15	6	
SAS	SAS @ MEM	12/01/2017		W	48	95	31	70	44.3	11	27	40.7	22	32	68.8	7	36	43	20	15	8	5	18	16	
ORL	ORL vs. GSW	12/01/2017		L	48	112	44	96	45.8	11	28	39.3	13	18	72.2	13	22	35	23	15	9	4	15	-21	
DET	DET @ WAS	12/01/2017		L	48	91	35	79	44.3	9	30	30.0	12	19	63.2	4	28	32	20	15	7	5	21	-18	
TOR	TOR vs. IND	12/01/2017		W	48	120	48	97	49.5	10	32	31.3	14	21	66.7	12	35	47	29	12	6	8	18	5	
WAS	WAS vs. DET	12/01/2017		W	48	109	43	89	48.3	7	21	33.3	16	19	84.2	16	33	49	28	11	12	6	20	18	
MIA	MIA vs. CHA	12/01/2017		W	48	105	39	80	48.8	14	35	40.0	13	21	61.9	9	30	39	25	22	8	4	24	5	
CHI	CHI vs. SAC	12/01/2017		L	48	106	42	90	46.7	13	36	36.1	9	13	69.2	8	30	38	30	9	8	2	16	-1	
MEM	MEM vs. SAS	12/01/2017		L	48	79	30	74	40.5	5	15	33.3	14	18	77.8	8	30	38	19	16	8	6	26	-16	
OKC	OKC vs. MIN	12/01/2017		W	48	111	41	79	51.9	8	26	30.8	21	22	95.5	13	29	42	28	19	7	7	24	4	
SAC	SAC @ CHI	12/01/2017		W	48	107	45	85	52.9	6	18	33.3	11	14	78.6	8	35	43	29	12	5	10	15	1	
GSW	GSW @ ORL	12/01/2017		W	48	133	55	88	62.5	12	24	50.0	11	11	100	7	35	42	46	19	9	11	16	21	
NOP	NOP @ UTA	12/01/2017		L	48	108	42	87	48.3	15	30	50.0	9	15	60.0	6	36	42	28	10	4	7	20	-6	
CHA	CHA @ MIA	12/01/2017		L	48	100	38	79	48.1	5	20	25.0	19	21	90.5	10	30	40	21	22	9	5	24	-5	
IND	IND @ TOR	12/01/2017		L	48	115	45	102	44.1	8	26	30.8	17	22	77.3	15	31	46	21	11	7	5	17	-5	
BOS	BOS vs. PHI	11/30/2017		W	48	108	40	79	50.6	12	29	41.4	16	20	80.0	7	33	40	25	17	7	7	20	11	
LAC	LAC vs. UTA	11/30/2017		L	48	107	38	70	54.3	10	29	34.5	21	30	70.0	10	26	36	23	19	8	6	16	-19	
MIL	MIL @ POR	11/30/2017		W	48	103	42	87	48.3	6	20	30.0	13	15	86.7	5	30	35	19	10	11	5	20	12	
UTA	UTA @ LAC	11/30/2017		W	48	126	49	85	57.6	17	35	48.6	11	14	78.6	10	23	33	38	13	13	2	20	19	
CHI	CHI @ DEN	11/30/2017		L	48	110	44	82	53.7	9	24	37.5	13	21	61.9	6	34	40	25	11	4	4	27	-1	
PHI	PHI @ BOS	11/30/2017		L	48	97	35	84	41.7	16	32	50.0	11	18	61.1	15	30	45	24	19	11	1	22	-11	
ATL	ATL vs. CLE	11/30/2017		L	48	114	41	79	51.9	12	31	38.7	20	24	83.3	8	21	29	24	18	9	4	20	-7	
DEN	DEN vs. CHI	11/30/2017		W	48	111	38	83	45.8	12	31	38.7	23	31	74.2	11	33	44	22	12	7	4	19	1	
POR	POR vs. MIL	11/30/2017		L	48	91	35	83	42.2	6	23	26.1	15	17	88.2	10	40	50	17	19	5	3	14	-12	
CLE	CLE @ ATL	11/30/2017		W	48	121	41	79	51.9	18	39	46.2	21	27	77.8	12	28	40	30	20	9	5	20	7	
DET	DET vs. PHX	11/29/2017		W	48	131	51	89	57.3	13	28	46.4	16	21	76.2	5	39	44	31	19	11	6	22	24	
TOR	TOR vs. CHA	11/29/2017		W	48	126	52	98	53.1	14	32	43.8	8	11	72.7	11	28	39	24	9	6	2	23	13	
PHI	PHI vs. WAS	11/29/2017		W	48	118	37	81	45.7	3	18	16.7	41	64	64.1	21	43	64	23	17	6	8	27	5	
SAS	SAS vs. MEM	11/29/2017		W	48	104	38	75	50.7	8	20	40.0	20	24	83.3	5	27	32	22	12	9	5	17	9	
MIA	MIA @ NYK	11/29/2017		L	48	86	32	84	38.1	10	38	26.3	12	20	60.0	9	22	31	21	15	13	4	20	-29	
DAL	DAL vs. BKN	11/29/2017		L	48	104	39	84	46.4	9	27	33.3	17	21	81.0	7	37	44	26	11	5	3	23	-5	
MIN	MIN @ NOP	11/29/2017		W	48	120	47	81	58.0	9	23	39.1	17	19	89.5	10	34	44	30	18	10	1	14	18	
NOP	NOP vs. MIN	11/29/2017		L	48	102	39	84	46.4	14	35	40.0	10	11	90.9	8	20	28	27	17	8	2	17	-18	
BKN	BKN @ DAL	11/29/2017		W	48	109	42	90	46.7	11	29	37.9	14	25	56.0	14	38	52	25	14	5	1	21	5	
MEM	MEM @ SAS	11/29/2017		L	48	95	35	77	45.5	11	22	50.0	14	16	87.5	11	26	37	21	17	4	1	19	-9	
HOU	HOU vs. IND	11/29/2017		W	48	118	42	86	48.8	18	40	45.0	16	21	76.2	10	39	49	26	16	9	0	10	21	
PHX	PHX @ DET	11/29/2017		L	48	107	39	84	46.4	7	22	31.8	22	28	78.6	8	29	37	21	21	11	4	19	-24	
LAL	LAL vs. GSW	11/29/2017		L	53	123	47	95	49.5	9	24	37.5	20	25	80.0	7	27	34	30	17	12	5	23	-4	
IND	IND @ HOU	11/29/2017		L	48	97	42	88	47.7	7	28	25.0	6	6	100	6	30	36	18	14	9	7	17	-21	
GSW	GSW @ LAL	11/29/2017		W	53	127	47	94	50.0	12	30	40.0	21	28	75.0	12	37	49	30	22	10	4	19	4	
OKC	OKC @ ORL	11/29/2017		L	48	108	38	96	39.6	12	32	37.5	20	30	66.7	21	27	48	17	13	8	5	20	-13	
NYK	NYK vs. MIA	11/29/2017		W	48	115	44	73	60.3	5	13	38.5	22	26	84.6	8	44	52	26	20	10	5	20	29	
WAS	WAS @ PHI	11/29/2017		L	48	113	36	89	40.4	9	22	40.9	32	37	86.5	7	28	35	22	11	8	4	42	-5	
ORL	ORL vs. OKC	11/29/2017		W	48	121	45	76	59.2	13	30	43.3	18	26	69.2	2	35	37	28	14	9	7	22	13	
CHA	CHA @ TOR	11/29/2017		L	48	113	37	79	46.8	9	19	47.4	30	35	85.7	7	29	36	26	13	6	2	17	-13	
WAS	WAS @ MIN	11/28/2017		W	48	92	36	83	43.4	10	28	35.7	10	17	58.8	9	35	44	23	7	5	4	16	3	
DEN	DEN @ UTA	11/28/2017		L	48	77	28	78	35.9	7	34	20.6	14	16	87.5	12	30	42	13	18	6	4	13	-29	
CHI	CHI vs. PHX	11/28/2017		L	48	99	38	94	40.4	16	40	40.0	7	10	70.0	9	32	41	27	9	11	7	20	-5	
MIA	MIA @ CLE	11/28/2017		L	48	97	37	84	44.0	10	31	32.3	13	20	65.0	8	34	42	24	15	7	5	19	-11	
SAC	SAC vs. MIL	11/28/2017		L	48	87	31	77	40.3	5	17	29.4	20	29	69.0	9	31	40	15	18	5	2	21	-25	
PHX	PHX @ CHI	11/28/2017		W	48	104	38	87	43.7	11	30	36.7	17	23	73.9	13	44	57	25	15	4	4	12	5	
MIL	MIL @ SAC	11/28/2017		W	48	112	42	71	59.2	9	22	40.9	19	31	61.3	1	37	38	27	12	13	5	22	25	
CLE	CLE vs. MIA	11/28/2017		W	48	108	40	81	49.4	11	33	33.3	17	23	73.9	5	40	45	21	14	12	2	17	11	
MIN	MIN vs. WAS	11/28/2017		L	48	89	35	85	41.2	10	30	33.3	9	14	64.3	13	36	49	27	10	3	1	17	-3	
UTA	UTA vs. DEN	11/28/2017		W	48	106	42	87	48.3	14	32	43.8	8	9	88.9	9	34	43	24	11	7	6	20	29	
CLE	CLE @ PHI	11/27/2017		W	48	113	41	86	47.7	15	37	40.5	16	20	80.0	11	35	46	25	12	7	3	21	22	
BKN	BKN @ HOU	11/27/2017		L	48	103	40	86	46.5	10	39	25.6	13	17	76.5	6	37	43	24	14	5	4	19	-14	
LAC	LAC vs. LAL	11/27/2017		W	48	120	41	85	48.2	10	28	35.7	28	30	93.3	10	34	44	19	17	7	3	22	5	
SAC	SAC @ GSW	11/27/2017		W	48	110	42	79	53.2	9	17	52.9	17	21	81.0	11	25	36	27	15	7	6	15	4	
PHI	PHI vs. CLE	11/27/2017		L	48	91	36	96	37.5	3	28	10.7	16	20	80.0	22	31	53	15	14	6	2	18	-22	
SAS	SAS vs. DAL	11/27/2017		W	48	115	43	82	52.4	10	24	41.7	19	21	90.5	4	39	43	27	10	7	5	16	7	
DAL	DAL @ SAS	11/27/2017		L	48	108	41	85	48.2	14	32	43.8	12	17	70.6	4	36	40	25	11	7	0	19	-7	
BOS	BOS vs. DET	11/27/2017		L	48	108	40	77	51.9	16	33	48.5	12	21	57.1	5	31	36	27	17	2	4	23	-10	
NYK	NYK vs. POR	11/27/2017		L	48	91	35	88	39.8	5	15	33.3	16	22	72.7	14	37	51	13	13	3	3	20	-12	
POR	POR @ NYK	11/27/2017		W	48	103	37	83	44.6	7	21	33.3	22	26	84.6	5	40	45	18	12	10	3	22	12	
DET	DET @ BOS	11/27/2017		W	48	118	44	85	51.8	11	25	44.0	19	23	82.6	8	32	40	26	8	8	2	19	10	
ORL	ORL @ IND	11/27/2017		L	48	109	40	92	43.5	16	41	39.0	13	16	81.3	10	25	35	22	15	4	9	23	-12	
IND	IND vs. ORL	11/27/2017		W	48	121	42	79	53.2	15	26	57.7	22	26	84.6	8	35	43	25	16	7	8	18	12	
GSW	GSW vs. SAC	11/27/2017		L	48	106	40	80	50.0	16	37	43.2	10	14	71.4	9	27	36	31	15	9	6	15	-4	
HOU	HOU vs. BKN	11/27/2017		W	48	117	42	86	48.8	20	50	40.0	13	20	65.0	8	34	42	31	15	8	4	19	14	
LAL	LAL @ LAC	11/27/2017		L	48	115	44	91	48.4	11	30	36.7	16	24	66.7	12	31	43	23	16	10	5	29	-5	
MIA	MIA @ CHI	11/26/2017		W	48	100	34	75	45.3	13	32	40.6	19	23	82.6	1	44	45	19	13	9	5	14	7	
CHI	CHI vs. MIA	11/26/2017		L	48	93	33	89	37.1	14	33	42.4	13	16	81.3	7	40	47	25	15	10	2	18	-7	
BKN	BKN @ MEM	11/26/2017		W	48	98	33	74	44.6	13	29	44.8	19	23	82.6	12	31	43	19	19	7	7	22	10	
MEM	MEM vs. BKN	11/26/2017		L	48	88	32	80	40.0	8	25	32.0	16	18	88.9	11	24	35	15	14	8	3	24	-10	
PHX	PHX @ MIN	11/26/2017		L	48	108	43	85	50.6	13	26	50.0	9	12	75.0	11	26	37	25	16	6	1	20	-11	
MIN	MIN vs. PHX	11/26/2017		W	48	119	49	93	52.7	9	21	42.9	12	17	70.6	19	29	48	24	14	12	5	14	11	
SAS	SAS @ CHA	11/25/2017		W	48	106	39	81	48.1	6	25	24.0	22	25	88.0	8	37	45	22	11	8	7	19	20	
HOU	HOU vs. NYK	11/25/2017		W	48	117	41	94	43.6	18	47	38.3	17	22	77.3	9	33	42	30	8	12	6	15	15	
ATL	ATL vs. TOR	11/25/2017		L	48	78	26	75	34.7	6	27	22.2	20	23	87.0	7	25	32	18	19	9	1	15	-34	
GSW	GSW vs. NOP	11/25/2017		W	48	110	39	94	41.5	10	33	30.3	22	27	81.5	11	33	44	30	10	11	6	24	15	
DAL	DAL vs. OKC	11/25/2017		W	48	97	37	75	49.3	15	35	42.9	8	11	72.7	8	35	43	25	17	11	5	18	16	
CHA	CHA vs. SAS	11/25/2017		L	48	86	31	84	36.9	4	25	16.0	20	26	76.9	14	28	42	20	14	7	4	19	-20	
ORL	ORL @ PHI	11/25/2017		L	48	111	39	86	45.3	12	31	38.7	21	31	67.7	7	34	41	22	10	8	5	17	-19	
BOS	BOS @ IND	11/25/2017		W	48	108	45	80	56.3	10	25	40.0	8	9	88.9	4	26	30	22	15	8	4	13	10	
MIL	MIL @ UTA	11/25/2017		L	48	108	41	77	53.2	8	21	38.1	18	23	78.3	8	32	40	19	17	5	6	21	-13	
PHI	PHI vs. ORL	11/25/2017		W	48	130	48	95	50.5	16	34	47.1	18	20	90.0	11	42	53	35	11	7	2	22	19	
POR	POR @ WAS	11/25/2017		W	48	108	41	80	51.3	9	24	37.5	17	22	77.3	6	35	41	18	16	3	6	16	3	
IND	IND vs. BOS	11/25/2017		L	48	98	38	78	48.7	7	23	30.4	15	15	100	10	26	36	20	20	9	2	14	-10	
WAS	WAS vs. POR	11/25/2017		L	48	105	41	89	46.1	8	23	34.8	15	16	93.8	7	30	37	20	11	9	4	17	-3	
SAC	SAC vs. LAC	11/25/2017		L	48	95	38	83	45.8	11	21	52.4	8	9	88.9	8	29	37	19	18	9	8	17	-2	
OKC	OKC @ DAL	11/25/2017		L	48	81	29	80	36.3	13	35	37.1	10	13	76.9	8	31	39	24	17	12	1	15	-16	
LAC	LAC @ SAC	11/25/2017		W	48	97	38	80	47.5	9	28	32.1	12	13	92.3	6	31	37	23	18	11	5	13	2	
NYK	NYK @ HOU	11/25/2017		L	48	102	42	85	49.4	4	17	23.5	14	19	73.7	6	34	40	29	18	4	3	20	-15	
UTA	UTA vs. MIL	11/25/2017		W	48	121	46	81	56.8	18	32	56.3	11	19	57.9	5	25	30	31	10	8	2	19	13	
NOP	NOP @ GSW	11/25/2017		L	48	95	34	84	40.5	11	31	35.5	16	23	69.6	9	36	45	24	17	2	9	24	-15	
TOR	TOR @ ATL	11/25/2017		W	48	112	46	84	54.8	13	32	40.6	7	9	77.8	11	35	46	31	16	10	3	22	34	
PHX	PHX vs. NOP	11/24/2017		L	48	91	37	94	39.4	2	20	10.0	15	18	83.3	15	33	48	12	17	9	6	18	-24	
CHI	CHI @ GSW	11/24/2017		L	48	94	35	99	35.4	13	36	36.1	11	15	73.3	13	27	40	18	15	7	2	17	-49	
TOR	TOR @ IND	11/24/2017		L	48	104	40	81	49.4	9	30	30.0	15	20	75.0	7	35	42	17	20	14	4	20	-3	
BKN	BKN vs. POR	11/24/2017		L	48	125	50	100	50.0	10	25	40.0	15	21	71.4	13	34	47	25	9	4	6	22	-2	
MEM	MEM @ DEN	11/24/2017		L	48	92	36	73	49.3	9	24	37.5	11	16	68.8	3	20	23	28	18	10	3	21	-12	
CHA	CHA @ CLE	11/24/2017		L	48	99	36	94	38.3	11	29	37.9	16	27	59.3	15	40	55	25	9	4	3	17	-1	
OKC	OKC vs. DET	11/24/2017		L	48	98	42	98	42.9	8	32	25.0	6	8	75.0	13	32	45	22	15	13	6	12	-1	
NYK	NYK @ ATL	11/24/2017		L	48	104	40	78	51.3	12	30	40.0	12	14	85.7	5	33	38	30	20	1	9	19	-12	
ORL	ORL @ BOS	11/24/2017		L	48	103	41	95	43.2	9	24	37.5	12	19	63.2	16	35	51	21	12	6	4	16	-15	
DET	DET @ OKC	11/24/2017		W	48	99	39	84	46.4	14	37	37.8	7	9	77.8	8	35	43	22	21	6	5	17	1	
CLE	CLE vs. CHA	11/24/2017		W	48	100	38	83	45.8	13	39	33.3	11	15	73.3	3	42	45	25	12	4	7	24	1	
POR	POR @ BKN	11/24/2017		W	48	127	48	96	50.0	6	15	40.0	25	35	71.4	12	33	45	24	7	5	13	16	2	
IND	IND vs. TOR	11/24/2017		W	48	107	38	83	45.8	11	26	42.3	20	27	74.1	10	31	41	19	16	10	3	18	3	
MIN	MIN vs. MIA	11/24/2017		L	48	97	37	84	44.0	7	17	41.2	16	26	61.5	13	31	44	21	10	9	3	16	-12	
GSW	GSW vs. CHI	11/24/2017		W	48	143	53	91	58.2	16	36	44.4	21	21	100	6	43	49	36	11	11	11	15	49	
NOP	NOP @ PHX	11/24/2017		W	48	115	45	91	49.5	9	27	33.3	16	22	72.7	13	36	49	29	16	10	4	18	24	
BOS	BOS vs. ORL	11/24/2017		W	48	118	42	91	46.2	17	42	40.5	17	25	68.0	13	33	46	27	9	6	10	20	15	
MIA	MIA @ MIN	11/24/2017		W	48	109	38	80	47.5	19	39	48.7	14	16	87.5	9	33	42	29	14	4	4	24	12	
DEN	DEN vs. MEM	11/24/2017		W	48	104	40	79	50.6	9	32	28.1	15	26	57.7	15	35	50	24	21	9	4	18	12	
ATL	ATL vs. NYK	11/24/2017		W	48	116	47	99	47.5	13	31	41.9	9	12	75.0	13	27	40	30	10	7	2	16	12	
LAL	LAL @ SAC	11/22/2017		L	48	102	39	78	50.0	15	29	51.7	9	15	60.0	4	28	32	27	17	8	4	19	-11	
SAC	SAC vs. LAL	11/22/2017		W	48	113	47	85	55.3	10	21	47.6	9	14	64.3	10	34	44	26	17	9	4	20	11	
WAS	WAS @ CHA	11/22/2017		L	53	124	48	99	48.5	11	33	33.3	17	22	77.3	9	34	43	25	13	4	6	29	-5	
NYK	NYK vs. TOR	11/22/2017		W	48	108	43	93	46.2	8	24	33.3	14	17	82.4	13	34	47	29	12	8	7	19	8	
HOU	HOU vs. DEN	11/22/2017		W	48	125	45	82	54.9	18	41	43.9	17	23	73.9	8	38	46	30	18	13	4	22	30	
DEN	DEN @ HOU	11/22/2017		L	48	95	35	87	40.2	10	33	30.3	15	23	65.2	15	28	43	19	21	11	5	14	-30	
CLE	CLE vs. BKN	11/22/2017		W	48	119	43	82	52.4	14	34	41.2	19	27	70.4	4	29	33	21	10	8	2	19	10	
TOR	TOR @ NYK	11/22/2017		L	48	100	37	87	42.5	14	38	36.8	12	18	66.7	12	30	42	21	15	4	10	23	-8	
CHA	CHA vs. WAS	11/22/2017		W	53	129	43	91	47.3	10	28	35.7	33	40	82.5	14	34	48	23	12	5	5	20	5	
CHI	CHI @ UTA	11/22/2017		L	48	80	29	78	37.2	5	21	23.8	17	20	85.0	8	35	43	15	16	3	1	21	-30	
SAS	SAS @ NOP	11/22/2017		L	48	90	35	88	39.8	6	24	25.0	14	15	93.3	8	31	39	22	16	10	5	23	-17	
UTA	UTA vs. CHI	11/22/2017		W	48	110	40	86	46.5	14	35	40.0	16	19	84.2	8	37	45	23	7	10	5	15	30	
GSW	GSW @ OKC	11/22/2017		L	48	91	33	80	41.3	10	31	32.3	15	18	83.3	7	32	39	22	22	11	8	20	-17	
LAC	LAC @ ATL	11/22/2017		W	48	116	44	76	57.9	15	30	50.0	13	19	68.4	6	27	33	30	17	7	4	15	13	
BOS	BOS @ MIA	11/22/2017		L	48	98	35	84	41.7	9	26	34.6	19	27	70.4	7	30	37	19	11	11	4	19	-6	
BKN	BKN @ CLE	11/22/2017		L	48	109	42	81	51.9	14	37	37.8	11	16	68.8	8	34	42	26	19	5	2	21	-10	
MIA	MIA vs. BOS	11/22/2017		W	48	104	40	81	49.4	10	28	35.7	14	16	87.5	7	41	48	20	16	3	4	22	6	
OKC	OKC vs. GSW	11/22/2017		W	48	108	41	90	45.6	8	25	32.0	18	26	69.2	13	37	50	16	17	15	5	21	17	
NOP	NOP vs. SAS	11/22/2017		W	48	107	39	81	48.1	7	24	29.2	22	24	91.7	7	38	45	23	16	7	2	18	17	
MEM	MEM vs. DAL	11/22/2017		L	48	94	37	81	45.7	7	29	24.1	13	14	92.9	6	46	52	25	17	7	6	25	-1	
PHX	PHX vs. MIL	11/22/2017		L	53	107	37	93	39.8	7	22	31.8	26	33	78.8	22	38	60	15	29	7	9	26	-6	
MIL	MIL @ PHX	11/22/2017		W	53	113	42	97	43.3	8	29	27.6	21	31	67.7	13	29	42	19	15	16	6	30	6	
POR	POR @ PHI	11/22/2017		L	48	81	30	89	33.7	7	26	26.9	14	24	58.3	11	37	48	14	17	8	6	17	-20	
MIN	MIN vs. ORL	11/22/2017		W	48	124	40	87	46.0	8	23	34.8	36	45	80.0	10	32	42	22	8	9	3	17	6	
DAL	DAL @ MEM	11/22/2017		W	48	95	39	91	42.9	9	28	32.1	8	16	50.0	4	36	40	23	8	9	2	14	1	
ORL	ORL @ MIN	11/22/2017		L	48	118	46	91	50.5	12	37	32.4	14	22	63.6	7	37	44	28	15	4	4	31	-6	
ATL	ATL vs. LAC	11/22/2017		L	48	103	40	83	48.2	10	29	34.5	13	15	86.7	9	27	36	26	15	10	2	20	-13	
PHI	PHI vs. POR	11/22/2017		W	48	101	39	90	43.3	11	32	34.4	12	17	70.6	11	46	57	23	18	12	8	21	20	
CHI	CHI @ LAL	11/21/2017		L	48	94	36	94	38.3	11	36	30.6	11	16	68.8	15	39	54	22	14	4	4	19	-9	
LAL	LAL vs. CHI	11/21/2017		W	48	103	36	90	40.0	13	40	32.5	18	25	72.0	12	41	53	23	14	7	6	16	9	
MEM	MEM vs. POR	11/20/2017		L	48	92	33	86	38.4	8	30	26.7	18	23	78.3	5	30	35	23	8	6	9	26	-8	
DAL	DAL vs. BOS	11/20/2017		L	53	102	39	96	40.6	7	33	21.2	17	20	85.0	8	37	45	18	11	7	3	22	-8	
PHI	PHI vs. UTA	11/20/2017		W	48	107	44	85	51.8	4	15	26.7	15	22	68.2	9	46	55	20	20	11	7	18	21	
SAC	SAC vs. DEN	11/20/2017		L	48	98	41	86	47.7	8	20	40.0	8	9	88.9	5	29	34	18	14	11	6	19	-16	
UTA	UTA @ PHI	11/20/2017		L	48	86	30	85	35.3	9	28	32.1	17	19	89.5	7	27	34	18	14	16	4	19	-21	
BOS	BOS @ DAL	11/20/2017		W	53	110	38	84	45.2	13	36	36.1	21	26	80.8	5	48	53	24	17	8	4	24	8	
MIL	MIL vs. WAS	11/20/2017		L	48	88	35	79	44.3	4	22	18.2	14	19	73.7	6	27	33	17	10	10	7	19	-11	
IND	IND @ ORL	11/20/2017		W	48	105	37	89	41.6	8	20	40.0	23	29	79.3	8	40	48	25	13	17	4	25	8	
POR	POR @ MEM	11/20/2017		W	48	100	33	83	39.8	6	15	40.0	28	32	87.5	15	45	60	11	17	1	9	23	8	
WAS	WAS @ MIL	11/20/2017		W	48	99	39	74	52.7	9	24	37.5	12	17	70.6	8	38	46	23	18	4	1	18	11	
MIN	MIN @ CHA	11/20/2017		L	48	102	37	90	41.1	6	27	22.2	22	26	84.6	10	28	38	13	11	8	6	21	-16	
NOP	NOP vs. OKC	11/20/2017		W	48	114	41	80	51.3	7	25	28.0	25	32	78.1	7	42	49	26	19	8	3	22	7	
ORL	ORL vs. IND	11/20/2017		L	48	97	35	84	41.7	13	38	34.2	14	23	60.9	11	39	50	23	22	6	7	20	-8	
OKC	OKC @ NOP	11/20/2017		L	48	107	38	89	42.7	11	35	31.4	20	26	76.9	9	31	40	22	14	14	2	25	-7	
DET	DET vs. CLE	11/20/2017		L	48	88	34	77	44.2	13	30	43.3	7	13	53.8	7	27	34	23	14	7	2	19	-28	
ATL	ATL @ SAS	11/20/2017		L	48	85	37	85	43.5	8	30	26.7	3	8	37.5	9	29	38	21	15	7	7	15	-11	
CLE	CLE @ DET	11/20/2017		W	48	116	42	80	52.5	16	33	48.5	16	17	94.1	7	35	42	28	11	4	2	14	28	
NYK	NYK vs. LAC	11/20/2017		W	48	107	35	81	43.2	13	34	38.2	24	25	96.0	14	37	51	24	22	11	5	26	22	
DEN	DEN @ SAC	11/20/2017		W	48	114	42	86	48.8	15	32	46.9	15	20	75.0	14	35	49	18	14	6	3	13	16	
CHA	CHA vs. MIN	11/20/2017		W	48	118	42	85	49.4	11	26	42.3	23	29	79.3	11	41	52	22	17	5	7	18	16	
SAS	SAS vs. ATL	11/20/2017		W	48	96	40	89	44.9	10	31	32.3	6	6	100	14	38	52	29	18	7	5	17	11	
LAC	LAC @ NYK	11/20/2017		L	48	85	30	80	37.5	10	32	31.3	15	21	71.4	10	26	36	20	22	12	3	23	-22	
DET	DET @ MIN	11/19/2017		W	48	100	39	83	47.0	8	25	32.0	14	20	70.0	11	26	37	25	19	10	2	21	3	
MIN	MIN vs. DET	11/19/2017		L	48	97	40	78	51.3	5	22	22.7	12	18	66.7	6	32	38	23	21	11	4	20	-3	
DEN	DEN @ LAL	11/19/2017		L	48	109	36	84	42.9	13	31	41.9	24	35	68.6	17	30	47	18	21	8	8	15	-18	
IND	IND @ MIA	11/19/2017		W	48	120	51	85	60.0	11	23	47.8	7	8	87.5	9	33	42	33	14	9	7	14	25	
TOR	TOR vs. WAS	11/19/2017		W	48	100	40	90	44.4	10	39	25.6	10	14	71.4	11	37	48	20	8	8	7	19	9	
BKN	BKN vs. GSW	11/19/2017		L	48	111	34	95	35.8	16	48	33.3	27	39	69.2	13	39	52	24	13	7	2	21	-7	
WAS	WAS @ TOR	11/19/2017		L	48	91	34	81	42.0	11	19	57.9	12	21	57.1	8	35	43	20	14	5	3	12	-9	
GSW	GSW @ BKN	11/19/2017		W	48	118	46	90	51.1	10	24	41.7	16	23	69.6	6	51	57	29	15	8	14	27	7	
MIA	MIA vs. IND	11/19/2017		L	48	95	35	83	42.2	13	37	35.1	12	14	85.7	10	25	35	21	17	8	2	11	-25	
LAL	LAL vs. DEN	11/19/2017		W	48	127	53	100	53.0	12	32	37.5	9	16	56.3	13	33	46	36	15	11	5	27	18	
CHI	CHI @ PHX	11/19/2017		L	48	105	42	101	41.6	12	36	33.3	9	14	64.3	12	35	47	20	13	5	1	21	-8	
PHX	PHX vs. CHI	11/19/2017		W	48	113	45	89	50.6	7	27	25.9	16	22	72.7	9	39	48	32	11	5	4	16	8	
MEM	MEM vs. HOU	11/18/2017		L	48	83	31	86	36.0	7	27	25.9	14	19	73.7	15	33	48	18	13	6	7	18	-22	
LAC	LAC @ CHA	11/18/2017		L	48	87	33	83	39.8	8	29	27.6	13	19	68.4	7	37	44	18	14	5	6	22	-15	
HOU	HOU @ MEM	11/18/2017		W	48	105	35	78	44.9	18	43	41.9	17	21	81.0	9	36	45	21	16	8	9	24	22	
ATL	ATL vs. BOS	11/18/2017		L	48	99	37	78	47.4	9	24	37.5	16	20	80.0	6	29	35	24	14	7	1	19	-11	
GSW	GSW @ PHI	11/18/2017		W	48	124	50	91	54.9	7	23	30.4	17	20	85.0	11	37	48	25	13	5	6	18	8	
BOS	BOS @ ATL	11/18/2017		W	48	110	39	82	47.6	16	34	47.1	16	20	80.0	9	32	41	21	16	9	6	22	11	
CHA	CHA vs. LAC	11/18/2017		W	48	102	34	87	39.1	11	26	42.3	23	29	79.3	8	41	49	20	8	7	9	16	15	
SAC	SAC @ POR	11/18/2017		L	48	90	34	89	38.2	8	17	47.1	14	18	77.8	9	27	36	14	11	9	4	24	-12	
PHI	PHI vs. GSW	11/18/2017		L	48	116	47	97	48.5	10	29	34.5	12	16	75.0	11	29	40	28	11	8	5	22	-8	
UTA	UTA @ ORL	11/18/2017		W	48	125	47	98	48.0	14	34	41.2	17	18	94.4	14	40	54	31	11	10	4	19	40	
POR	POR vs. SAC	11/18/2017		W	48	102	38	70	54.3	10	21	47.6	16	21	76.2	5	39	44	19	19	6	8	22	12	
MIL	MIL @ DAL	11/18/2017		L	48	79	28	74	37.8	6	25	24.0	17	31	54.8	8	30	38	13	13	8	5	25	-32	
ORL	ORL vs. UTA	11/18/2017		L	48	85	31	81	38.3	8	29	27.6	15	23	65.2	11	35	46	13	16	10	5	20	-40	
DAL	DAL vs. MIL	11/18/2017		W	48	111	38	79	48.1	19	38	50.0	16	19	84.2	7	42	49	27	18	7	2	26	32	
OKC	OKC @ SAS	11/17/2017		L	48	101	39	89	43.8	9	23	39.1	14	21	66.7	13	28	41	24	9	7	3	22	-3	
CHA	CHA @ CHI	11/17/2017		L	48	120	42	81	51.9	10	21	47.6	26	34	76.5	5	37	42	19	13	3	2	15	-3	
WAS	WAS vs. MIA	11/17/2017		L	48	88	32	84	38.1	10	35	28.6	14	16	87.5	7	39	46	18	12	4	4	17	-3	
IND	IND vs. DET	11/17/2017		W	48	107	39	89	43.8	15	28	53.6	14	21	66.7	13	38	51	22	10	4	5	13	7	
TOR	TOR vs. NYK	11/17/2017		W	48	107	44	78	56.4	9	26	34.6	10	11	90.9	3	37	40	29	12	4	11	19	23	
PHX	PHX @ LAL	11/17/2017		W	48	122	48	103	46.6	13	32	40.6	13	19	68.4	9	35	44	28	14	10	5	22	9	
NOP	NOP @ DEN	11/17/2017		L	48	114	48	91	52.7	12	33	36.4	6	10	60.0	8	21	29	32	13	2	0	19	-32	
BKN	BKN vs. UTA	11/17/2017		W	48	118	43	84	51.2	17	37	45.9	15	20	75.0	4	32	36	27	13	8	2	21	11	
MIN	MIN @ DAL	11/17/2017		W	48	111	39	84	46.4	13	30	43.3	20	23	87.0	11	37	48	27	10	7	0	18	24	
LAL	LAL vs. PHX	11/17/2017		L	48	113	45	91	49.5	7	25	28.0	16	24	66.7	9	40	49	26	19	7	10	20	-9	
POR	POR @ SAC	11/17/2017		L	48	82	30	81	37.0	7	25	28.0	15	16	93.8	11	33	44	13	18	8	1	20	-4	
DAL	DAL vs. MIN	11/17/2017		L	48	87	32	86	37.2	8	38	21.1	15	17	88.2	11	30	41	18	11	3	3	20	-24	
UTA	UTA @ BKN	11/17/2017		L	48	107	39	79	49.4	12	26	46.2	17	24	70.8	10	29	39	21	16	6	6	19	-11	
CHI	CHI vs. CHA	11/17/2017		W	48	123	47	91	51.6	17	34	50.0	12	13	92.3	4	31	35	26	11	9	2	23	3	
SAS	SAS vs. OKC	11/17/2017		W	48	104	34	77	44.2	14	35	40.0	22	28	78.6	12	32	44	23	13	6	7	18	3	
DET	DET @ IND	11/17/2017		L	48	100	39	93	41.9	14	33	42.4	8	10	80.0	11	32	43	20	11	4	8	18	-7	
NYK	NYK @ TOR	11/17/2017		L	48	84	30	91	33.0	9	23	39.1	15	17	88.2	14	29	43	17	10	7	4	12	-23	
MIA	MIA @ WAS	11/17/2017		W	48	91	34	83	41.0	10	35	28.6	13	18	72.2	10	42	52	21	15	6	7	19	3	
LAC	LAC @ CLE	11/17/2017		L	53	113	46	103	44.7	10	35	28.6	11	14	78.6	13	42	55	29	15	7	10	26	-5	
DEN	DEN vs. NOP	11/17/2017		W	48	146	56	89	62.9	18	35	51.4	16	21	76.2	13	35	48	37	15	5	4	15	32	
SAC	SAC vs. POR	11/17/2017		W	48	86	36	85	42.4	4	14	28.6	10	15	66.7	12	31	43	20	13	11	5	22	4	
CLE	CLE vs. LAC	11/17/2017		W	53	118	42	90	46.7	11	33	33.3	23	29	79.3	8	43	51	24	15	9	4	20	5	
HOU	HOU @ PHX	11/16/2017		W	48	142	43	90	47.8	21	44	47.7	35	38	92.1	12	39	51	27	14	9	9	20	26	
BOS	BOS vs. GSW	11/16/2017		W	48	92	26	79	32.9	7	32	21.9	33	38	86.8	7	45	52	15	15	8	5	15	4	
PHX	PHX vs. HOU	11/16/2017		L	48	116	47	104	45.2	10	30	33.3	12	21	57.1	16	31	47	28	15	9	5	22	-26	
GSW	GSW @ BOS	11/16/2017		L	48	88	33	82	40.2	10	32	31.3	12	19	63.2	7	40	47	22	15	9	10	24	-4	
CHI	CHI @ OKC	11/15/2017		L	48	79	26	75	34.7	11	29	37.9	16	20	80.0	6	32	38	16	17	7	2	27	-13	
CHA	CHA vs. CLE	11/15/2017		L	48	107	41	86	47.7	6	26	23.1	19	28	67.9	8	33	41	21	13	7	5	19	-8	
MEM	MEM vs. IND	11/15/2017		L	48	113	44	86	51.2	8	32	25.0	17	22	77.3	11	32	43	29	14	5	10	19	-3	
MIN	MIN vs. SAS	11/15/2017		W	48	98	39	87	44.8	9	18	50.0	11	16	68.8	11	30	41	27	7	9	4	16	12	
LAL	LAL vs. PHI	11/15/2017		L	48	109	42	109	38.5	3	27	11.1	22	27	81.5	22	35	57	18	9	7	6	23	-6	
SAS	SAS @ MIN	11/15/2017		L	48	86	33	79	41.8	7	24	29.2	13	15	86.7	13	32	45	20	16	4	4	18	-12	
ORL	ORL @ POR	11/15/2017		L	48	94	37	79	46.8	11	29	37.9	9	9	100	7	34	41	19	15	6	4	16	-5	
UTA	UTA @ NYK	11/15/2017		L	48	101	34	79	43.0	17	35	48.6	16	17	94.1	9	28	37	19	14	5	10	23	-5	
MIA	MIA vs. WAS	11/15/2017		L	48	93	32	78	41.0	13	30	43.3	16	19	84.2	12	30	42	15	17	3	3	20	-9	
TOR	TOR @ NOP	11/15/2017		W	48	125	45	76	59.2	16	34	47.1	19	20	95.0	6	31	37	27	21	8	6	20	9	
NOP	NOP vs. TOR	11/15/2017		L	48	116	46	91	50.5	10	27	37.0	14	14	100	10	22	32	31	14	13	3	21	-9	
DET	DET @ MIL	11/15/2017		L	48	95	30	85	35.3	15	37	40.5	20	23	87.0	17	28	45	23	18	7	3	20	-4	
OKC	OKC vs. CHI	11/15/2017		W	48	92	26	72	36.1	8	30	26.7	32	37	86.5	11	37	48	15	14	7	2	19	13	
IND	IND @ MEM	11/15/2017		W	48	116	43	85	50.6	12	24	50.0	18	20	90.0	5	31	36	29	12	6	6	17	3	
ATL	ATL vs. SAC	11/15/2017		W	48	126	50	79	63.3	16	32	50.0	10	16	62.5	9	44	53	40	20	9	6	23	46	
WAS	WAS @ MIA	11/15/2017		W	48	102	32	78	41.0	9	19	47.4	29	31	93.5	11	29	40	9	12	8	2	19	9	
CLE	CLE @ CHA	11/15/2017		W	48	115	42	95	44.2	13	38	34.2	18	20	90.0	16	35	51	25	14	9	4	24	8	
PHI	PHI @ LAL	11/15/2017		W	48	115	42	86	48.8	7	32	21.9	24	30	80.0	8	44	52	27	16	7	15	19	6	
MIL	MIL vs. DET	11/15/2017		W	48	99	38	78	48.7	8	22	36.4	15	21	71.4	11	32	43	24	15	10	16	19	4	
NYK	NYK vs. UTA	11/15/2017		W	48	106	38	81	46.9	9	21	42.9	21	25	84.0	12	33	45	18	11	4	5	19	5	
POR	POR vs. ORL	11/15/2017		W	48	99	38	87	43.7	14	27	51.9	9	13	69.2	10	31	41	21	13	7	2	10	5	
SAC	SAC @ ATL	11/15/2017		L	48	80	31	88	35.2	6	28	21.4	12	20	60.0	11	18	29	18	12	12	2	19	-46	
TOR	TOR @ HOU	11/14/2017		W	48	129	41	78	52.6	14	30	46.7	33	42	78.6	5	31	36	28	14	11	4	30	16	
BKN	BKN vs. BOS	11/14/2017		L	48	102	39	88	44.3	14	35	40.0	10	16	62.5	9	34	43	26	15	4	3	24	-7	
DAL	DAL vs. SAS	11/14/2017		L	48	91	33	81	40.7	10	34	29.4	15	18	83.3	5	35	40	18	15	7	4	23	-6	
SAS	SAS @ DAL	11/14/2017		W	48	97	35	79	44.3	6	26	23.1	21	27	77.8	8	39	47	18	12	9	7	16	6	
HOU	HOU vs. TOR	11/14/2017		L	48	113	33	79	41.8	12	39	30.8	35	41	85.4	14	34	48	21	19	4	4	27	-16	
BOS	BOS @ BKN	11/14/2017		W	48	109	39	86	45.3	9	27	33.3	22	27	81.5	9	40	49	15	14	8	3	14	7	
DEN	DEN @ POR	11/13/2017		L	48	82	30	84	35.7	9	32	28.1	13	15	86.7	12	23	35	13	20	9	2	16	-17	
GSW	GSW vs. ORL	11/13/2017		W	48	110	44	88	50.0	8	23	34.8	14	16	87.5	12	38	50	35	16	4	5	21	10	
POR	POR vs. DEN	11/13/2017		W	48	99	38	73	52.1	7	21	33.3	16	18	88.9	8	35	43	22	22	12	5	18	17	
NYK	NYK vs. CLE	11/13/2017		L	48	101	38	88	43.2	8	25	32.0	17	22	77.3	13	36	49	19	17	13	3	21	-3	
MIL	MIL vs. MEM	11/13/2017		W	48	110	40	82	48.8	12	22	54.5	18	25	72.0	10	26	36	23	11	6	5	19	7	
CLE	CLE @ NYK	11/13/2017		W	48	104	35	88	39.8	16	45	35.6	18	22	81.8	14	34	48	21	21	7	7	21	3	
MIN	MIN @ UTA	11/13/2017		W	48	109	37	71	52.1	10	20	50.0	25	29	86.2	5	35	40	22	17	9	5	13	11	
LAC	LAC vs. PHI	11/13/2017		L	48	105	36	82	43.9	12	32	37.5	21	32	65.6	9	25	34	16	15	8	4	26	-4	
WAS	WAS vs. SAC	11/13/2017		W	48	110	44	86	51.2	11	34	32.4	11	12	91.7	10	40	50	30	11	7	1	21	18	
LAL	LAL @ PHX	11/13/2017		W	48	100	39	92	42.4	14	33	42.4	8	13	61.5	9	44	53	17	16	6	6	20	7	
PHI	PHI @ LAC	11/13/2017		W	48	109	38	77	49.4	7	32	21.9	26	35	74.3	10	41	51	27	20	9	2	26	4	
MEM	MEM @ MIL	11/13/2017		L	48	103	37	76	48.7	11	26	42.3	18	21	85.7	8	29	37	21	15	5	1	25	-7	
UTA	UTA vs. MIN	11/13/2017		L	48	98	37	84	44.0	14	40	35.0	10	11	90.9	8	23	31	23	15	8	4	23	-11	
PHX	PHX vs. LAL	11/13/2017		L	48	93	37	95	38.9	7	26	26.9	12	20	60.0	11	43	54	15	17	6	4	17	-7	
NOP	NOP vs. ATL	11/13/2017		W	48	106	41	75	54.7	13	33	39.4	11	17	64.7	7	31	38	31	19	10	5	13	1	
ORL	ORL @ GSW	11/13/2017		L	48	100	37	88	42.0	10	32	31.3	16	18	88.9	4	31	35	26	11	10	3	18	-10	
SAC	SAC @ WAS	11/13/2017		L	48	92	34	84	40.5	12	23	52.2	12	18	66.7	10	25	35	19	10	8	4	15	-18	
ATL	ATL @ NOP	11/13/2017		L	48	105	40	87	46.0	17	36	47.2	8	9	88.9	10	26	36	25	16	14	1	18	-1	
OKC	OKC vs. DAL	11/12/2017		W	48	112	36	72	50.0	15	32	46.9	25	33	75.8	3	34	37	21	17	10	4	23	13	
BOS	BOS vs. TOR	11/12/2017		W	48	95	35	87	40.2	10	26	38.5	15	19	78.9	15	31	46	24	15	9	2	18	1	
MIA	MIA @ DET	11/12/2017		L	48	103	39	90	43.3	13	37	35.1	12	16	75.0	7	32	39	25	9	8	5	22	-9	
HOU	HOU @ IND	11/12/2017		W	48	118	43	90	47.8	17	47	36.2	15	18	83.3	10	37	47	24	13	10	5	20	23	
DAL	DAL @ OKC	11/12/2017		L	48	99	37	87	42.5	11	37	29.7	14	18	77.8	11	30	41	18	20	9	4	20	-13	
DET	DET vs. MIA	11/12/2017		W	48	112	42	87	48.3	14	28	50.0	14	20	70.0	11	43	54	24	13	2	5	17	9	
TOR	TOR @ BOS	11/12/2017		L	48	94	32	69	46.4	10	24	41.7	20	23	87.0	6	30	36	18	17	8	8	20	-1	
IND	IND vs. HOU	11/12/2017		L	48	95	37	83	44.6	8	22	36.4	13	21	61.9	7	34	41	18	13	5	7	15	-23	
CHI	CHI @ SAS	11/11/2017		L	48	94	40	86	46.5	6	23	26.1	8	13	61.5	5	23	28	22	13	9	4	15	-39	
UTA	UTA vs. BKN	11/11/2017		W	48	114	41	85	48.2	11	29	37.9	21	25	84.0	12	32	44	19	16	12	3	29	8	
MEM	MEM @ HOU	11/11/2017		L	48	96	38	79	48.1	6	20	30.0	14	18	77.8	5	36	41	23	20	9	5	20	-15	
GSW	GSW vs. PHI	11/11/2017		W	48	135	48	82	58.5	14	27	51.9	25	26	96.2	4	35	39	31	23	15	11	23	21	
SAC	SAC @ NYK	11/11/2017		L	48	91	30	80	37.5	7	22	31.8	24	30	80.0	11	31	42	19	13	6	4	18	-27	
MIL	MIL vs. LAL	11/11/2017		W	48	98	35	85	41.2	6	23	26.1	22	26	84.6	9	33	42	16	16	11	4	27	8	
WAS	WAS vs. ATL	11/11/2017		W	48	113	42	78	53.8	7	24	29.2	22	28	78.6	11	31	42	22	23	14	10	22	19	
ORL	ORL @ DEN	11/11/2017		L	48	107	41	87	47.1	11	31	35.5	14	20	70.0	8	28	36	24	12	7	5	19	-18	
DAL	DAL vs. CLE	11/11/2017		L	48	104	39	92	42.4	10	34	29.4	16	21	76.2	9	33	42	21	11	7	3	26	-7	
NOP	NOP vs. LAC	11/11/2017		W	48	111	43	80	53.8	6	16	37.5	19	24	79.2	8	43	51	26	23	7	4	19	8	
CLE	CLE @ DAL	11/11/2017		W	48	111	35	81	43.2	12	31	38.7	29	35	82.9	10	43	53	18	17	8	3	18	7	
SAS	SAS vs. CHI	11/11/2017		W	48	133	51	85	60.0	18	27	66.7	13	16	81.3	8	36	44	33	14	5	6	16	39	
ATL	ATL @ WAS	11/11/2017		L	48	94	34	83	41.0	14	33	42.4	12	17	70.6	10	22	32	19	24	11	1	23	-19	
HOU	HOU vs. MEM	11/11/2017		W	48	111	37	83	44.6	16	45	35.6	21	28	75.0	11	35	46	18	16	14	4	19	15	
LAL	LAL @ MIL	11/11/2017		L	48	90	31	74	41.9	6	22	27.3	22	37	59.5	8	40	48	21	23	7	9	22	-8	
MIN	MIN @ PHX	11/11/2017		L	48	110	39	96	40.6	4	20	20.0	28	35	80.0	19	28	47	16	11	12	4	21	-8	
BKN	BKN @ UTA	11/11/2017		L	48	106	35	76	46.1	7	23	30.4	29	39	74.4	10	31	41	13	17	7	4	22	-8	
LAC	LAC @ NOP	11/11/2017		L	48	103	35	86	40.7	10	26	38.5	23	27	85.2	8	29	37	16	12	12	1	24	-8	
NYK	NYK vs. SAC	11/11/2017		W	48	118	47	90	52.2	12	27	44.4	12	15	80.0	8	32	40	29	11	6	6	22	27	
PHI	PHI @ GSW	11/11/2017		L	48	114	44	94	46.8	12	28	42.9	14	20	70.0	13	25	38	30	20	10	2	19	-21	
DEN	DEN vs. ORL	11/11/2017		W	48	125	46	87	52.9	12	29	41.4	21	27	77.8	13	37	50	29	13	9	4	16	18	
PHX	PHX vs. MIN	11/11/2017		W	48	118	46	86	53.5	10	26	38.5	16	24	66.7	7	39	46	21	18	4	10	25	8	
CHI	CHI vs. IND	11/10/2017		L	48	87	37	93	39.8	7	27	25.9	6	9	66.7	11	32	43	24	12	10	3	13	-18	
MIL	MIL @ SAS	11/10/2017		W	48	94	41	89	46.1	5	18	27.8	7	14	50.0	11	36	47	27	14	10	7	13	7	
POR	POR vs. BKN	11/10/2017		L	48	97	40	95	42.1	8	23	34.8	9	11	81.8	12	39	51	17	11	4	4	17	-4	
MIA	MIA @ UTA	11/10/2017		W	48	84	30	77	39.0	10	25	40.0	14	18	77.8	7	41	48	10	21	9	6	20	10	
BOS	BOS vs. CHA	11/10/2017		W	48	90	30	84	35.7	9	31	29.0	21	25	84.0	9	40	49	15	13	6	5	26	3	
CHA	CHA @ BOS	11/10/2017		L	48	87	31	80	38.8	6	22	27.3	19	33	57.6	7	40	47	20	14	5	7	21	-3	
IND	IND @ CHI	11/10/2017		W	48	105	43	84	51.2	12	29	41.4	7	12	58.3	7	44	51	27	18	8	3	17	18	
UTA	UTA vs. MIA	11/10/2017		L	48	74	25	74	33.8	5	21	23.8	19	22	86.4	4	36	40	12	18	10	7	20	-10	
OKC	OKC vs. LAC	11/10/2017		W	48	120	40	78	51.3	11	26	42.3	29	40	72.5	11	29	40	23	12	8	7	29	9	
DET	DET vs. ATL	11/10/2017		W	48	111	39	89	43.8	12	30	40.0	21	27	77.8	20	31	51	23	17	7	5	18	7	
ATL	ATL @ DET	11/10/2017		L	48	104	44	89	49.4	8	24	33.3	8	11	72.7	11	34	45	28	16	11	7	21	-7	
ORL	ORL @ PHX	11/10/2017		W	48	128	43	82	52.4	13	28	46.4	29	43	67.4	7	37	44	29	18	8	5	20	16	
LAC	LAC @ OKC	11/10/2017		L	48	111	39	84	46.4	12	30	40.0	21	30	70.0	16	30	46	13	19	4	2	30	-9	
SAS	SAS vs. MIL	11/10/2017		L	48	87	34	80	42.5	9	29	31.0	10	11	90.9	9	34	43	23	18	8	6	15	-7	
BKN	BKN @ POR	11/10/2017		W	48	101	39	91	42.9	12	38	31.6	11	19	57.9	11	38	49	25	10	7	4	13	4	
PHX	PHX vs. ORL	11/10/2017		L	48	112	44	94	46.8	5	24	20.8	19	25	76.0	12	28	40	13	15	8	5	29	-16	
WAS	WAS vs. LAL	11/09/2017		W	48	111	43	83	51.8	7	21	33.3	18	20	90.0	7	38	45	20	22	7	4	31	16	
SAC	SAC vs. PHI	11/09/2017		W	48	109	40	93	43.0	12	27	44.4	17	28	60.7	8	37	45	29	9	6	5	19	1	
PHI	PHI @ SAC	11/09/2017		L	48	108	37	87	42.5	15	37	40.5	19	27	70.4	13	43	56	23	17	6	5	28	-1	
DEN	DEN vs. OKC	11/09/2017		W	48	102	38	82	46.3	9	27	33.3	17	22	77.3	14	31	45	27	19	7	7	15	8	
LAL	LAL @ WAS	11/09/2017		L	48	95	31	86	36.0	3	23	13.0	30	41	73.2	17	29	46	17	19	9	4	19	-16	
NOP	NOP @ TOR	11/09/2017		L	48	118	44	82	53.7	13	31	41.9	17	25	68.0	4	34	38	31	14	7	4	20	-4	
TOR	TOR vs. NOP	11/09/2017		W	48	122	45	98	45.9	16	42	38.1	16	23	69.6	10	38	48	27	12	8	4	24	4	
HOU	HOU vs. CLE	11/09/2017		W	48	117	36	77	46.8	16	46	34.8	29	36	80.6	17	28	45	21	22	11	5	27	4	
CLE	CLE @ HOU	11/09/2017		L	48	113	45	81	55.6	12	27	44.4	11	14	78.6	4	22	26	24	19	9	1	30	-4	
OKC	OKC @ DEN	11/09/2017		L	48	94	38	90	42.2	11	30	36.7	7	14	50.0	18	26	44	16	18	15	7	23	-8	
MIN	MIN @ GSW	11/08/2017		L	48	101	38	92	41.3	5	24	20.8	20	27	74.1	9	32	41	21	14	15	0	14	-24	
NYK	NYK @ ORL	11/08/2017		L	48	99	42	80	52.5	5	12	41.7	10	13	76.9	12	30	42	26	23	7	2	21	-13	
BOS	BOS vs. LAL	11/08/2017		W	48	107	38	98	38.8	7	29	24.1	24	31	77.4	16	32	48	20	14	8	6	20	11	
DET	DET vs. IND	11/08/2017		W	48	114	43	83	51.8	12	27	44.4	16	25	64.0	8	42	50	25	18	3	5	22	17	
ORL	ORL vs. NYK	11/08/2017		W	48	112	43	80	53.8	13	28	46.4	13	22	59.1	6	23	29	31	13	16	7	15	13	
LAL	LAL @ BOS	11/08/2017		L	48	96	37	85	43.5	5	24	20.8	17	23	73.9	12	36	48	16	21	8	8	30	-11	
GSW	GSW vs. MIN	11/08/2017		W	48	125	48	85	56.5	15	36	41.7	14	18	77.8	3	42	45	37	19	10	9	23	24	
PHX	PHX vs. MIA	11/08/2017		L	48	115	40	88	45.5	12	29	41.4	23	30	76.7	6	28	34	20	11	4	2	29	-11	
IND	IND @ DET	11/08/2017		L	48	97	38	88	43.2	7	24	29.2	14	18	77.8	7	31	38	22	15	8	3	24	-17	
MIA	MIA @ PHX	11/08/2017		W	48	126	43	81	53.1	12	30	40.0	28	35	80.0	11	42	53	21	15	5	4	25	11	
NOP	NOP @ IND	11/07/2017		W	48	117	44	87	50.6	14	35	40.0	15	22	68.2	11	32	43	23	13	6	5	18	5	
MIL	MIL @ CLE	11/07/2017		L	48	119	47	83	56.6	13	30	43.3	12	16	75.0	8	28	36	29	16	6	8	31	-5	
CHI	CHI @ TOR	11/07/2017		L	48	114	40	80	50.0	11	29	37.9	23	28	82.1	8	29	37	26	15	10	2	23	-5	
CHA	CHA @ NYK	11/07/2017		L	48	113	42	91	46.2	15	37	40.5	14	17	82.4	17	23	40	24	13	8	2	22	-5	
TOR	TOR vs. CHI	11/07/2017		W	48	119	44	81	54.3	13	25	52.0	18	24	75.0	7	30	37	22	16	5	0	22	5	
SAS	SAS vs. LAC	11/07/2017		W	48	120	45	84	53.6	15	28	53.6	15	19	78.9	11	28	39	33	13	13	3	21	13	
IND	IND vs. NOP	11/07/2017		L	48	112	44	93	47.3	9	24	37.5	15	18	83.3	11	30	41	19	11	4	4	21	-5	
UTA	UTA vs. PHI	11/07/2017		L	48	97	30	99	30.3	9	39	23.1	28	35	80.0	14	31	45	15	12	14	6	23	-7	
CLE	CLE vs. MIL	11/07/2017		W	48	124	41	82	50.0	9	18	50.0	33	38	86.8	12	27	39	18	13	7	4	16	5	
POR	POR vs. MEM	11/07/2017		L	48	97	36	81	44.4	6	19	31.6	19	20	95.0	10	32	42	11	16	9	1	18	-1	
DEN	DEN vs. BKN	11/07/2017		W	48	112	44	93	47.3	9	34	26.5	15	20	75.0	9	38	47	26	19	16	9	21	8	
DAL	DAL @ WAS	11/07/2017		W	48	113	43	91	47.3	11	30	36.7	16	20	80.0	11	42	53	26	12	6	8	23	14	
BKN	BKN @ DEN	11/07/2017		L	48	104	38	89	42.7	11	35	31.4	17	22	77.3	8	39	47	22	25	12	6	16	-8	
PHI	PHI @ UTA	11/07/2017		W	48	104	34	81	42.0	12	27	44.4	24	30	80.0	8	48	56	23	22	5	6	34	7	
SAC	SAC vs. OKC	11/07/2017		W	48	94	37	79	46.8	9	24	37.5	11	12	91.7	5	42	47	21	23	6	5	24	8	
OKC	OKC @ SAC	11/07/2017		L	48	86	29	86	33.7	10	37	27.0	18	23	78.3	9	35	44	15	17	16	2	17	-8	
WAS	WAS vs. DAL	11/07/2017		L	48	99	32	75	42.7	10	25	40.0	25	32	78.1	3	36	39	21	15	5	5	19	-14	
NYK	NYK vs. CHA	11/07/2017		W	48	118	45	75	60.0	12	25	48.0	16	21	76.2	6	29	35	29	16	5	5	19	5	
LAC	LAC @ SAS	11/07/2017		L	48	107	42	82	51.2	11	30	36.7	12	17	70.6	10	29	39	20	18	6	4	19	-13	
MEM	MEM @ POR	11/07/2017		W	48	98	35	73	47.9	7	19	36.8	21	25	84.0	5	29	34	18	15	8	10	21	1	
GSW	GSW vs. MIA	11/06/2017		W	48	97	32	87	36.8	11	32	34.4	22	24	91.7	13	38	51	20	15	12	10	21	17	
BKN	BKN @ PHX	11/06/2017		W	48	98	35	87	40.2	8	32	25.0	20	29	69.0	11	37	48	20	16	10	4	30	6	
ATL	ATL vs. BOS	11/06/2017		L	48	107	39	81	48.1	13	26	50.0	16	20	80.0	5	31	36	24	14	8	4	22	-3	
BOS	BOS @ ATL	11/06/2017		W	48	110	39	81	48.1	14	36	38.9	18	22	81.8	7	35	42	28	14	3	3	21	3	
PHX	PHX vs. BKN	11/06/2017		L	48	92	30	86	34.9	6	25	24.0	26	35	74.3	14	38	52	13	17	8	7	29	-6	
MIA	MIA @ GSW	11/06/2017		L	48	80	30	83	36.1	8	26	30.8	12	17	70.6	7	37	44	19	23	10	6	20	-17	
IND	IND @ NYK	11/05/2017		L	48	101	37	79	46.8	12	25	48.0	15	17	88.2	4	30	34	24	12	6	2	17	-7	
TOR	TOR vs. WAS	11/05/2017		L	48	96	37	80	46.3	5	24	20.8	17	27	63.0	9	27	36	17	13	7	8	24	-11	
UTA	UTA @ HOU	11/05/2017		L	48	110	38	88	43.2	13	34	38.2	21	24	87.5	8	25	33	22	14	7	3	18	-27	
LAL	LAL vs. MEM	11/05/2017		W	48	107	40	85	47.1	9	27	33.3	18	23	78.3	8	38	46	25	19	5	4	16	5	
ATL	ATL @ CLE	11/05/2017		W	48	117	41	86	47.7	11	25	44.0	24	34	70.6	11	33	44	24	17	4	6	20	2	
LAC	LAC vs. MIA	11/05/2017		L	48	101	34	87	39.1	9	31	29.0	24	30	80.0	18	32	50	16	16	11	4	22	-3	
PHX	PHX @ SAS	11/05/2017		L	48	95	37	81	45.7	8	23	34.8	13	22	59.1	11	34	45	23	18	5	4	16	-17	
ORL	ORL vs. BOS	11/05/2017		L	48	88	33	91	36.3	6	29	20.7	16	18	88.9	10	35	45	18	13	4	4	19	-16	
SAS	SAS vs. PHX	11/05/2017		W	48	112	44	88	50.0	11	22	50.0	13	18	72.2	8	35	43	21	10	9	4	19	17	
NYK	NYK vs. IND	11/05/2017		W	48	108	44	88	50.0	6	23	26.1	14	19	73.7	12	34	46	24	12	8	7	21	7	
CLE	CLE vs. ATL	11/05/2017		L	48	115	42	96	43.8	10	36	27.8	21	23	91.3	15	32	47	27	13	6	6	29	-2	
MIA	MIA @ LAC	11/05/2017		W	48	104	37	84	44.0	14	36	38.9	16	19	84.2	10	27	37	23	16	12	6	26	3	
WAS	WAS @ TOR	11/05/2017		W	48	107	40	85	47.1	11	23	47.8	16	23	69.6	11	35	46	19	17	9	3	26	11	
OKC	OKC @ POR	11/05/2017		L	48	99	40	89	44.9	11	33	33.3	8	15	53.3	6	26	32	17	13	11	2	27	-4	
CHA	CHA @ MIN	11/05/2017		L	48	94	37	89	41.6	9	28	32.1	11	21	52.4	10	30	40	24	11	8	3	24	-18	
MIN	MIN vs. CHA	11/05/2017		W	48	112	38	83	45.8	10	24	41.7	26	30	86.7	12	42	54	20	16	4	4	19	18	
POR	POR vs. OKC	11/05/2017		W	48	103	37	74	50.0	7	20	35.0	22	28	78.6	7	37	44	20	23	6	7	20	4	
BOS	BOS @ ORL	11/05/2017		W	48	104	39	89	43.8	11	33	33.3	15	20	75.0	9	45	54	26	14	10	1	21	16	
HOU	HOU vs. UTA	11/05/2017		W	48	137	48	81	59.3	23	39	59.0	18	21	85.7	5	37	42	26	21	9	7	24	27	
MEM	MEM @ LAL	11/05/2017		L	48	102	40	87	46.0	11	37	29.7	11	14	78.6	6	33	39	23	12	6	7	22	-5	
NOP	NOP @ CHI	11/04/2017		W	53	96	35	87	40.2	9	31	29.0	17	22	77.3	5	47	52	23	15	9	4	9	6	
LAC	LAC vs. MEM	11/04/2017		L	48	104	38	83	45.8	4	26	15.4	24	31	77.4	15	28	43	18	13	7	7	22	-9	
SAC	SAC @ DET	11/04/2017		L	48	99	40	76	52.6	10	21	47.6	9	13	69.2	3	29	32	24	18	6	1	23	-9	
DEN	DEN vs. GSW	11/04/2017		L	48	108	40	87	46.0	6	24	25.0	22	27	81.5	9	37	46	26	18	9	6	18	-19	
MIN	MIN vs. DAL	11/04/2017		W	48	112	43	79	54.4	10	24	41.7	16	20	80.0	10	38	48	33	19	7	9	20	13	
DAL	DAL @ MIN	11/04/2017		L	48	99	40	87	46.0	10	27	37.0	9	12	75.0	7	24	31	18	15	7	2	19	-13	
MEM	MEM @ LAC	11/04/2017		W	48	113	40	84	47.6	13	31	41.9	20	24	83.3	9	30	39	21	12	8	7	28	9	
CHI	CHI vs. NOP	11/04/2017		L	53	90	35	99	35.4	11	42	26.2	9	12	75.0	16	42	58	23	19	10	5	19	-6	
GSW	GSW @ DEN	11/04/2017		W	48	127	50	91	54.9	18	40	45.0	9	17	52.9	7	34	41	38	15	13	4	23	19	
DET	DET vs. SAC	11/04/2017		W	48	108	40	79	50.6	13	24	54.2	15	22	68.2	8	27	35	28	15	10	3	19	9	
DAL	DAL vs. NOP	11/03/2017		L	48	94	34	88	38.6	9	34	26.5	17	22	77.3	9	38	47	19	15	4	7	24	-5	
WAS	WAS vs. CLE	11/03/2017		L	48	122	45	84	53.6	11	28	39.3	21	31	67.7	9	28	37	25	16	5	2	24	-8	
PHX	PHX @ NYK	11/03/2017		L	48	107	34	97	35.1	9	32	28.1	30	37	81.1	20	27	47	17	10	7	3	25	-13	
MIA	MIA @ DEN	11/03/2017		L	48	94	36	77	46.8	15	37	40.5	7	11	63.6	8	33	41	23	23	9	6	24	-1	
BOS	BOS @ OKC	11/03/2017		W	48	101	36	84	42.9	13	28	46.4	16	24	66.7	11	38	49	23	11	6	2	14	7	
TOR	TOR @ UTA	11/03/2017		W	48	109	38	71	53.5	11	30	36.7	22	28	78.6	5	34	39	20	17	9	4	27	9	
IND	IND @ PHI	11/03/2017		L	48	110	45	97	46.4	8	28	28.6	12	19	63.2	8	32	40	25	12	6	6	18	-11	
ATL	ATL vs. HOU	11/03/2017		L	48	104	39	81	48.1	11	33	33.3	15	18	83.3	5	36	41	16	18	8	8	16	-15	
SAS	SAS vs. CHA	11/03/2017		W	48	108	39	83	47.0	9	27	33.3	21	26	80.8	7	38	45	31	16	7	6	26	7	
CLE	CLE @ WAS	11/03/2017		W	48	130	46	82	56.1	12	27	44.4	26	28	92.9	8	26	34	20	15	11	4	27	8	
PHI	PHI vs. IND	11/03/2017		W	48	121	46	92	50.0	18	36	50.0	11	14	78.6	12	38	50	34	20	7	9	20	11	
UTA	UTA vs. TOR	11/03/2017		L	48	100	35	80	43.8	8	23	34.8	22	24	91.7	10	23	33	11	14	9	5	24	-9	
CHI	CHI @ ORL	11/03/2017		W	48	105	40	85	47.1	14	29	48.3	11	12	91.7	9	39	48	23	17	6	2	13	22	
ORL	ORL vs. CHI	11/03/2017		L	48	83	35	86	40.7	10	35	28.6	3	5	60.0	7	31	38	23	16	6	2	11	-22	
HOU	HOU @ ATL	11/03/2017		W	48	119	42	89	47.2	16	47	34.0	19	23	82.6	9	35	44	28	14	14	4	16	15	
OKC	OKC vs. BOS	11/03/2017		L	48	94	35	87	40.2	13	35	37.1	11	14	78.6	11	37	48	20	12	4	7	18	-7	
BKN	BKN @ LAL	11/03/2017		L	48	112	37	91	40.7	9	38	23.7	29	38	76.3	8	35	43	23	16	8	5	22	-12	
DET	DET vs. MIL	11/03/2017		W	48	105	37	78	47.4	8	26	30.8	23	28	82.1	7	32	39	21	14	10	4	11	9	
CHA	CHA @ SAS	11/03/2017		L	48	101	33	80	41.3	8	24	33.3	27	42	64.3	11	35	46	16	12	11	1	20	-7	
NOP	NOP @ DAL	11/03/2017		W	48	99	36	89	40.4	7	29	24.1	20	26	76.9	9	44	53	23	14	9	4	22	5	
MIL	MIL @ DET	11/03/2017		L	48	96	39	83	47.0	10	25	40.0	8	9	88.9	7	29	36	27	14	6	6	24	-9	
DEN	DEN vs. MIA	11/03/2017		W	48	95	36	80	45.0	9	23	39.1	14	25	56.0	13	28	41	17	17	9	6	16	1	
NYK	NYK vs. PHX	11/03/2017		W	48	120	45	87	51.7	8	26	30.8	22	25	88.0	9	40	49	24	13	5	7	24	13	
LAL	LAL vs. BKN	11/03/2017		W	48	124	48	94	51.1	9	21	42.9	19	27	70.4	7	50	57	26	16	10	7	29	12	
SAS	SAS vs. GSW	11/02/2017		L	48	92	34	87	39.1	7	24	29.2	17	23	73.9	14	32	46	19	19	6	8	10	-20	
GSW	GSW @ SAS	11/02/2017		W	48	112	43	83	51.8	14	28	50.0	12	16	75.0	5	36	41	30	14	11	12	20	20	
POR	POR vs. LAL	11/02/2017		W	48	113	40	86	46.5	9	22	40.9	24	27	88.9	10	31	41	22	12	7	4	21	3	
LAL	LAL @ POR	11/02/2017		L	48	110	43	79	54.4	4	18	22.2	20	27	74.1	2	30	32	16	11	8	8	20	-3	
IND	IND @ CLE	11/01/2017		W	48	124	49	90	54.4	16	26	61.5	10	13	76.9	8	35	43	35	14	9	1	23	17	
PHI	PHI vs. ATL	11/01/2017		W	48	119	46	99	46.5	13	35	37.1	14	25	56.0	15	38	53	36	17	10	4	26	10	
MEM	MEM vs. ORL	11/01/2017		L	48	99	39	82	47.6	10	30	33.3	11	16	68.8	5	26	31	21	15	12	3	16	-2	
ORL	ORL @ MEM	11/01/2017		W	48	101	38	75	50.7	13	29	44.8	12	14	85.7	6	32	38	25	24	6	8	22	2	
CLE	CLE vs. IND	11/01/2017		L	48	107	43	86	50.0	7	31	22.6	14	20	70.0	8	33	41	25	16	6	3	19	-17	
MIN	MIN @ NOP	11/01/2017		W	48	104	41	83	49.4	6	22	27.3	16	24	66.7	11	36	47	20	22	13	3	21	6	
POR	POR @ UTA	11/01/2017		L	53	103	37	93	39.8	9	34	26.5	20	27	74.1	11	42	53	17	17	8	8	25	-9	
BOS	BOS vs. SAC	11/01/2017		W	48	113	40	82	48.8	17	41	41.5	16	19	84.2	16	36	52	30	19	10	3	19	27	
ATL	ATL @ PHI	11/01/2017		L	48	109	41	94	43.6	8	23	34.8	19	27	70.4	12	37	49	22	19	11	4	28	-10	
DAL	DAL @ LAC	11/01/2017		L	48	98	35	89	39.3	12	36	33.3	16	20	80.0	9	29	38	20	14	8	5	22	-21	
HOU	HOU @ NYK	11/01/2017		W	48	119	42	88	47.7	19	52	36.5	16	21	76.2	9	37	46	21	15	6	4	20	22	
TOR	TOR @ DEN	11/01/2017		L	48	111	42	85	49.4	11	31	35.5	16	25	64.0	9	29	38	20	14	7	4	25	-18	
NYK	NYK vs. HOU	11/01/2017		L	48	97	39	90	43.3	8	26	30.8	11	13	84.6	6	36	42	23	19	8	1	18	-22	
MIA	MIA vs. CHI	11/01/2017		W	48	97	34	83	41.0	12	31	38.7	17	19	89.5	3	45	48	21	11	8	0	19	6	
UTA	UTA vs. POR	11/01/2017		W	53	112	34	90	37.8	13	29	44.8	31	36	86.1	10	45	55	16	14	9	8	21	9	
LAC	LAC vs. DAL	11/01/2017		W	48	119	41	78	52.6	13	28	46.4	24	29	82.8	7	42	49	27	16	9	5	20	21	
MIL	MIL @ CHA	11/01/2017		L	48	121	45	91	49.5	19	36	52.8	12	15	80.0	9	31	40	29	14	3	3	25	-5	
CHA	CHA vs. MIL	11/01/2017		W	48	126	45	84	53.6	14	25	56.0	22	29	75.9	7	34	41	21	11	5	3	18	5	
PHX	PHX @ WAS	11/01/2017		W	48	122	41	83	49.4	9	24	37.5	31	38	81.6	11	34	45	23	10	5	5	24	6	
WAS	WAS vs. PHX	11/01/2017		L	48	116	41	92	44.6	10	30	33.3	24	30	80.0	15	30	45	20	12	5	4	28	-6	
NOP	NOP vs. MIN	11/01/2017		L	48	98	36	84	42.9	8	31	25.8	18	21	85.7	9	29	38	27	19	13	4	24	-6	
DEN	DEN vs. TOR	11/01/2017		W	48	129	47	88	53.4	16	32	50.0	19	29	65.5	9	34	43	35	12	9	4	20	18	
CHI	CHI @ MIA	11/01/2017		L	48	91	36	89	40.4	7	28	25.0	12	19	63.2	7	47	54	20	12	7	6	19	-6	
SAC	SAC @ BOS	11/01/2017		L	48	86	35	81	43.2	6	20	30.0	10	12	83.3	7	19	26	24	15	10	5	18	-27	
MIL	MIL vs. OKC	10/31/2017		L	48	91	32	77	41.6	9	31	29.0	18	22	81.8	4	27	31	24	15	8	4	22	-19	
SAC	SAC @ IND	10/31/2017		L	48	83	37	88	42.0	2	14	14.3	7	14	50.0	10	36	46	15	15	8	5	18	-18	
BKN	BKN vs. PHX	10/31/2017		L	48	114	42	102	41.2	9	31	29.0	21	30	70.0	7	37	44	15	7	9	4	22	-8	
DET	DET @ LAL	10/31/2017		L	48	93	41	94	43.6	10	33	30.3	1	3	33.3	10	34	44	21	13	7	3	11	-20	
LAL	LAL vs. DET	10/31/2017		W	48	113	45	91	49.5	12	26	46.2	11	14	78.6	11	42	53	30	14	9	5	14	20	
OKC	OKC @ MIL	10/31/2017		W	48	110	40	81	49.4	12	28	42.9	18	21	85.7	9	37	46	24	16	6	3	20	19	
PHX	PHX @ BKN	10/31/2017		W	48	122	45	96	46.9	10	22	45.5	22	24	91.7	10	56	66	18	20	5	5	26	8	
IND	IND vs. SAC	10/31/2017		W	48	101	36	85	42.4	12	29	41.4	17	22	77.3	14	39	53	25	15	8	7	17	18	
NOP	NOP vs. ORL	10/30/2017		L	48	99	39	85	45.9	7	28	25.0	14	18	77.8	9	34	43	30	20	9	5	22	-16	
GSW	GSW @ LAC	10/30/2017		W	48	141	52	89	58.4	14	29	48.3	23	30	76.7	14	32	46	37	12	8	8	23	28	
DAL	DAL @ UTA	10/30/2017		L	48	89	34	76	44.7	12	24	50.0	9	11	81.8	9	33	42	17	24	4	3	16	-15	
POR	POR vs. TOR	10/30/2017		L	48	85	31	80	38.8	8	26	30.8	15	19	78.9	6	32	38	13	13	5	7	15	-14	
SAS	SAS @ BOS	10/30/2017		L	48	94	36	87	41.4	12	26	46.2	10	20	50.0	12	28	40	24	11	8	4	14	-14	
LAC	LAC vs. GSW	10/30/2017		L	48	113	39	86	45.3	10	25	40.0	25	30	83.3	9	26	35	21	15	4	3	20	-28	
HOU	HOU vs. PHI	10/30/2017		L	48	107	33	83	39.8	13	47	27.7	28	38	73.7	10	25	35	17	15	12	3	23	-8	
BOS	BOS vs. SAS	10/30/2017		W	48	108	42	88	47.7	11	31	35.5	13	16	81.3	15	39	54	24	15	10	6	22	14	
ORL	ORL @ NOP	10/30/2017		W	48	115	43	85	50.6	16	34	47.1	13	18	72.2	6	37	43	27	17	10	1	19	16	
TOR	TOR @ POR	10/30/2017		W	48	99	39	87	44.8	8	24	33.3	13	17	76.5	8	39	47	17	10	10	9	14	14	
DEN	DEN @ NYK	10/30/2017		L	48	110	35	85	41.2	18	41	43.9	22	31	71.0	13	23	36	20	13	13	5	22	-6	
MIN	MIN @ MIA	10/30/2017		W	53	125	41	91	45.1	11	23	47.8	32	35	91.4	10	30	40	20	16	16	4	25	3	
PHI	PHI @ HOU	10/30/2017		W	48	115	44	80	55.0	10	24	41.7	17	24	70.8	7	41	48	27	21	10	4	31	8	
CHA	CHA @ MEM	10/30/2017		W	48	104	37	89	41.6	7	17	41.2	23	29	79.3	10	46	56	15	12	3	7	22	5	
MIA	MIA vs. MIN	10/30/2017		L	53	122	49	93	52.7	7	27	25.9	17	25	68.0	15	35	50	17	24	8	5	28	-3	
UTA	UTA vs. DAL	10/30/2017		W	48	104	38	81	46.9	16	35	45.7	12	15	80.0	6	29	35	25	14	16	8	17	15	
MEM	MEM vs. CHA	10/30/2017		L	48	99	32	93	34.4	8	35	22.9	27	33	81.8	11	37	48	17	7	7	8	22	-5	
NYK	NYK vs. DEN	10/30/2017		W	48	116	41	82	50.0	13	32	40.6	21	23	91.3	11	38	49	27	23	8	10	27	6	
ATL	ATL vs. MIL	10/29/2017		L	48	106	36	77	46.8	13	29	44.8	21	26	80.8	3	28	31	27	16	9	2	21	-11	
WAS	WAS @ SAC	10/29/2017		W	48	110	40	85	47.1	17	34	50.0	13	20	65.0	13	36	49	28	17	9	3	18	27	
CLE	CLE vs. NYK	10/29/2017		L	48	95	31	81	38.3	10	33	30.3	23	27	85.2	7	34	41	20	15	5	5	23	-19	
DET	DET @ GSW	10/29/2017		W	48	115	43	93	46.2	12	27	44.4	17	17	100	17	20	37	22	14	16	0	9	8	
IND	IND vs. SAS	10/29/2017		W	48	97	36	77	46.8	10	22	45.5	15	20	75.0	6	38	44	21	19	9	3	20	3	
ORL	ORL @ CHA	10/29/2017		L	48	113	41	97	42.3	11	33	33.3	20	26	76.9	9	30	39	28	11	11	4	20	-7	
CHA	CHA vs. ORL	10/29/2017		W	48	120	53	97	54.6	6	18	33.3	8	17	47.1	12	47	59	31	17	6	7	24	7	
MIL	MIL @ ATL	10/29/2017		W	48	117	44	81	54.3	13	26	50.0	16	21	76.2	5	38	43	30	14	9	3	27	11	
BKN	BKN vs. DEN	10/29/2017		L	48	111	39	96	40.6	12	31	38.7	21	31	67.7	17	39	56	24	15	5	4	18	-13	
SAS	SAS @ IND	10/29/2017		L	48	94	36	90	40.0	9	28	32.1	13	18	72.2	12	32	44	19	17	12	8	11	-3	
SAC	SAC vs. WAS	10/29/2017		L	48	83	32	82	39.0	6	22	27.3	13	16	81.3	11	32	43	13	20	8	2	20	-27	
DEN	DEN @ BKN	10/29/2017		W	48	124	47	94	50.0	11	20	55.0	19	22	86.4	4	42	46	23	6	7	7	22	13	
NYK	NYK @ CLE	10/29/2017		W	48	114	42	89	47.2	13	28	46.4	17	21	81.0	11	40	51	27	14	9	6	26	19	
GSW	GSW vs. DET	10/29/2017		L	48	107	44	77	57.1	10	27	37.0	9	12	75.0	10	30	40	29	26	3	11	14	-8	
MEM	MEM vs. HOU	10/28/2017		W	48	103	40	85	47.1	14	33	42.4	9	12	75.0	6	36	42	26	9	10	6	20	14	
DAL	DAL vs. PHI	10/28/2017		L	48	110	38	74	51.4	19	40	47.5	15	19	78.9	3	30	33	22	18	7	2	15	-2	
POR	POR vs. PHX	10/28/2017		W	48	114	40	91	44.0	11	26	42.3	23	28	82.1	12	41	53	27	15	8	7	26	7	
MIA	MIA vs. BOS	10/28/2017		L	48	90	34	79	43.0	7	31	22.6	15	16	93.8	6	34	40	17	19	6	9	23	-6	
HOU	HOU @ MEM	10/28/2017		L	48	89	29	77	37.7	14	38	36.8	17	21	81.0	8	35	43	18	19	4	3	23	-14	
NOP	NOP vs. CLE	10/28/2017		W	48	123	49	95	51.6	13	33	39.4	12	16	75.0	10	37	47	33	11	10	4	20	22	
UTA	UTA vs. LAL	10/28/2017		W	48	96	37	79	46.8	13	31	41.9	9	13	69.2	14	35	49	18	23	9	5	20	15	
PHI	PHI @ DAL	10/28/2017		W	48	112	43	87	49.4	16	35	45.7	10	14	71.4	11	31	42	25	14	10	1	21	2	
PHX	PHX @ POR	10/28/2017		L	48	107	37	87	42.5	9	26	34.6	24	30	80.0	12	34	46	21	17	12	7	23	-7	
LAL	LAL @ UTA	10/28/2017		L	48	81	31	81	38.3	5	22	22.7	14	20	70.0	14	25	39	17	16	12	4	20	-15	
BOS	BOS @ MIA	10/28/2017		W	48	96	34	81	42.0	6	23	26.1	22	26	84.6	11	30	41	15	12	11	5	14	6	
OKC	OKC @ CHI	10/28/2017		W	48	101	39	88	44.3	13	34	38.2	10	14	71.4	11	41	52	28	12	16	8	17	32	
LAC	LAC vs. DET	10/28/2017		L	48	87	28	84	33.3	15	38	39.5	16	22	72.7	15	36	51	19	19	6	6	18	-8	
CHI	CHI vs. OKC	10/28/2017		L	48	69	22	78	28.2	10	37	27.0	15	20	75.0	12	35	47	16	20	9	5	16	-32	
DET	DET @ LAC	10/28/2017		W	48	95	36	88	40.9	9	28	32.1	14	21	66.7	12	38	50	16	13	11	6	20	8	
CLE	CLE @ NOP	10/28/2017		L	48	101	36	78	46.2	12	32	37.5	17	23	73.9	5	32	37	19	18	8	2	19	-22	
ATL	ATL vs. DEN	10/27/2017		L	48	100	37	89	41.6	14	33	42.4	12	12	100	11	32	43	23	12	7	4	21	-5	
NYK	NYK vs. BKN	10/27/2017		W	48	107	44	98	44.9	9	27	33.3	10	17	58.8	19	36	55	19	12	7	6	19	21	
DEN	DEN @ ATL	10/27/2017		W	48	105	42	91	46.2	4	20	20.0	17	23	73.9	11	35	46	25	12	8	4	12	5	
SAS	SAS @ ORL	10/27/2017		L	48	87	30	89	33.7	4	24	16.7	23	27	85.2	17	32	49	19	18	8	8	15	-27	
WAS	WAS @ GSW	10/27/2017		L	48	117	43	97	44.3	15	33	45.5	16	22	72.7	12	29	41	30	15	7	6	21	-3	
CHA	CHA vs. HOU	10/27/2017		L	48	93	33	88	37.5	11	29	37.9	16	28	57.1	11	33	44	16	9	6	5	14	-16	
OKC	OKC @ MIN	10/27/2017		L	48	116	43	86	50.0	8	28	28.6	22	25	88.0	11	24	35	19	14	8	9	29	-3	
MIN	MIN vs. OKC	10/27/2017		W	48	119	42	86	48.8	8	22	36.4	27	35	77.1	17	27	44	23	16	5	7	21	3	
GSW	GSW vs. WAS	10/27/2017		W	48	120	46	95	48.4	10	38	26.3	18	20	90.0	15	38	53	33	18	7	13	20	3	
LAL	LAL vs. TOR	10/27/2017		L	48	92	36	79	45.6	3	23	13.0	17	24	70.8	9	40	49	20	21	7	6	22	-9	
ORL	ORL vs. SAS	10/27/2017		W	48	114	48	84	57.1	11	23	47.8	7	14	50.0	6	39	45	22	19	9	7	24	27	
BKN	BKN @ NYK	10/27/2017		L	48	86	30	75	40.0	11	30	36.7	15	21	71.4	5	30	35	18	16	5	1	20	-21	
HOU	HOU @ CHA	10/27/2017		W	48	109	38	85	44.7	22	57	38.6	11	13	84.6	7	44	51	21	16	5	6	26	16	
TOR	TOR @ LAL	10/27/2017		W	48	101	40	93	43.0	7	29	24.1	14	20	70.0	9	31	40	27	14	12	4	24	9	
MEM	MEM vs. DAL	10/26/2017		W	48	96	30	73	41.1	10	34	29.4	26	30	86.7	9	37	46	18	18	7	6	23	5	
ATL	ATL @ CHI	10/26/2017		L	48	86	32	81	39.5	11	28	39.3	11	13	84.6	7	33	40	22	10	10	5	23	-5	
DAL	DAL @ MEM	10/26/2017		L	48	91	32	94	34.0	10	34	29.4	17	20	85.0	18	35	53	20	14	10	3	22	-5	
BOS	BOS @ MIL	10/26/2017		W	48	96	33	78	42.3	11	30	36.7	19	22	86.4	6	39	45	21	16	7	4	14	7	
CHI	CHI vs. ATL	10/26/2017		W	48	91	31	86	36.0	7	32	21.9	22	29	75.9	18	44	62	20	16	5	4	15	5	
NOP	NOP @ SAC	10/26/2017		W	48	114	42	86	48.8	13	32	40.6	17	23	73.9	10	37	47	22	15	5	3	24	8	
SAC	SAC vs. NOP	10/26/2017		L	48	106	38	81	46.9	7	20	35.0	23	25	92.0	5	29	34	25	13	7	5	17	-8	
MIL	MIL vs. BOS	10/26/2017		L	48	89	35	77	45.5	11	25	44.0	8	14	57.1	2	35	37	22	18	6	3	20	-7	
POR	POR vs. LAC	10/26/2017		L	48	103	35	89	39.3	14	31	45.2	19	22	86.4	16	28	44	19	10	5	4	26	-1	
LAC	LAC @ POR	10/26/2017		W	48	104	36	77	46.8	9	28	32.1	23	36	63.9	14	32	46	11	12	4	5	19	1	
MIN	MIN @ DET	10/25/2017		L	48	101	37	85	43.5	9	25	36.0	18	21	85.7	7	30	37	19	14	5	4	19	-21	
LAL	LAL vs. WAS	10/25/2017		W	53	102	41	92	44.6	7	30	23.3	13	16	81.3	6	47	53	27	22	9	5	26	3	
WAS	WAS @ LAL	10/25/2017		L	53	99	39	95	41.1	6	26	23.1	15	23	65.2	7	38	45	20	15	11	5	19	-3	
HOU	HOU @ PHI	10/25/2017		W	48	105	36	75	48.0	12	39	30.8	21	24	87.5	7	33	40	22	19	11	13	13	1	
DAL	DAL vs. MEM	10/25/2017		W	48	103	36	74	48.6	11	26	42.3	20	29	69.0	4	31	35	20	11	6	4	20	9	
IND	IND @ OKC	10/25/2017		L	48	96	28	83	33.7	10	29	34.5	30	35	85.7	14	27	41	13	19	13	2	23	-18	
GSW	GSW vs. TOR	10/25/2017		W	48	117	43	77	55.8	12	26	46.2	19	22	86.4	6	31	37	32	17	10	7	15	5	
PHI	PHI vs. HOU	10/25/2017		L	48	104	43	97	44.3	12	36	33.3	6	10	60.0	12	31	43	29	16	14	7	19	-1	
BKN	BKN vs. CLE	10/25/2017		W	48	112	40	93	43.0	17	46	37.0	15	21	71.4	10	28	38	22	13	11	3	22	5	
PHX	PHX vs. UTA	10/25/2017		W	48	97	42	96	43.8	6	19	31.6	7	9	77.8	16	39	55	18	16	8	5	25	9	
MIA	MIA vs. SAS	10/25/2017		L	48	100	37	80	46.3	9	26	34.6	17	18	94.4	4	28	32	19	9	6	2	25	-17	
DEN	DEN @ CHA	10/25/2017		L	48	93	38	100	38.0	8	31	25.8	9	15	60.0	18	33	51	18	14	6	1	23	-17	
OKC	OKC vs. IND	10/25/2017		W	48	114	43	89	48.3	10	27	37.0	18	26	69.2	16	33	49	26	20	8	8	27	18	
CHA	CHA vs. DEN	10/25/2017		W	48	110	38	81	46.9	13	31	41.9	21	26	80.8	10	40	50	17	14	5	5	16	17	
SAS	SAS @ MIA	10/25/2017		W	48	117	42	76	55.3	10	17	58.8	23	30	76.7	8	36	44	18	13	6	3	20	17	
TOR	TOR @ GSW	10/25/2017		L	48	112	43	94	45.7	8	34	23.5	18	19	94.7	17	25	42	30	18	10	6	16	-5	
UTA	UTA @ PHX	10/25/2017		L	48	88	32	77	41.6	6	25	24.0	18	25	72.0	7	37	44	20	24	8	10	19	-9	
DET	DET vs. MIN	10/25/2017		W	48	122	48	92	52.2	15	34	44.1	11	17	64.7	12	35	47	32	15	7	3	22	21	
MEM	MEM @ DAL	10/25/2017		L	48	94	33	72	45.8	12	31	38.7	16	24	66.7	6	30	36	14	18	7	2	22	-9	
CLE	CLE @ BKN	10/25/2017		L	48	107	39	81	48.1	12	35	34.3	17	26	65.4	9	38	47	21	21	5	7	17	-5	
LAC	LAC vs. UTA	10/24/2017		W	48	102	39	83	47.0	10	29	34.5	14	21	66.7	11	33	44	21	13	12	4	16	18	
POR	POR vs. NOP	10/24/2017		W	48	103	33	88	37.5	10	29	34.5	27	33	81.8	18	45	63	17	19	7	7	22	10	
CHI	CHI @ CLE	10/24/2017		L	48	112	42	88	47.7	17	33	51.5	11	13	84.6	8	31	39	28	12	3	3	20	-7	
NYK	NYK @ BOS	10/24/2017		L	48	89	36	85	42.4	1	12	8.3	16	25	64.0	11	32	43	20	14	8	2	17	-21	
BOS	BOS vs. NYK	10/24/2017		W	48	110	37	75	49.3	14	29	48.3	22	27	81.5	5	36	41	26	14	11	7	24	21	
MIN	MIN vs. IND	10/24/2017		L	48	107	42	86	48.8	9	24	37.5	14	22	63.6	9	18	27	27	14	9	4	14	-23	
ORL	ORL vs. BKN	10/24/2017		W	48	125	41	83	49.4	8	23	34.8	35	40	87.5	6	38	44	20	11	8	5	23	4	
IND	IND @ MIN	10/24/2017		W	48	130	56	84	66.7	10	22	45.5	8	11	72.7	8	34	42	31	18	8	2	21	23	
CLE	CLE vs. CHI	10/24/2017		W	48	119	43	83	51.8	16	38	42.1	17	22	77.3	8	31	39	28	9	5	3	14	7	
NOP	NOP @ POR	10/24/2017		L	48	93	30	76	39.5	9	30	30.0	24	32	75.0	4	38	42	17	17	5	7	26	-10	
BKN	BKN @ ORL	10/24/2017		L	48	121	40	96	41.7	11	35	31.4	30	34	88.2	14	35	49	21	16	8	4	27	-4	
UTA	UTA @ LAC	10/24/2017		L	48	84	34	79	43.0	7	28	25.0	9	11	81.8	8	33	41	20	18	7	7	23	-18	
PHX	PHX vs. SAC	10/23/2017		W	48	117	42	77	54.5	10	30	33.3	23	27	85.2	6	39	45	20	21	6	5	25	2	
DET	DET vs. PHI	10/23/2017		L	48	86	33	85	38.8	6	30	20.0	14	19	73.7	9	30	39	14	14	5	2	21	-11	
SAC	SAC @ PHX	10/23/2017		L	48	115	43	99	43.4	9	22	40.9	20	29	69.0	13	24	37	19	9	13	2	25	-2	
MIL	MIL vs. CHA	10/23/2017		W	48	103	40	85	47.1	9	26	34.6	14	16	87.5	5	37	42	24	13	8	4	27	9	
DEN	DEN vs. WAS	10/23/2017		L	48	104	39	80	48.8	8	23	34.8	18	23	78.3	9	35	44	27	23	5	2	22	-5	
ATL	ATL @ MIA	10/23/2017		L	48	93	36	76	47.4	7	17	41.2	14	18	77.8	6	35	41	14	21	9	1	17	-11	
HOU	HOU vs. MEM	10/23/2017		L	48	90	32	77	41.6	9	38	23.7	17	23	73.9	9	30	39	25	18	5	2	31	-8	
GSW	GSW @ DAL	10/23/2017		W	48	133	48	86	55.8	15	39	38.5	22	26	84.6	10	40	50	33	16	6	8	23	30	
SAS	SAS vs. TOR	10/23/2017		W	48	101	40	90	44.4	5	20	25.0	16	23	69.6	18	37	55	19	20	4	12	22	4	
MEM	MEM @ HOU	10/23/2017		W	48	98	29	68	42.6	6	19	31.6	34	37	91.9	3	35	38	16	12	5	2	21	8	
PHI	PHI @ DET	10/23/2017		W	48	97	35	75	46.7	9	24	37.5	18	24	75.0	8	41	49	25	21	11	0	24	11	
WAS	WAS @ DEN	10/23/2017		W	48	109	37	84	44.0	9	30	30.0	26	28	92.9	10	28	38	24	15	13	3	24	5	
DAL	DAL vs. GSW	10/23/2017		L	48	103	38	96	39.6	9	29	31.0	18	30	60.0	14	28	42	21	12	11	0	20	-30	
CHA	CHA @ MIL	10/23/2017		L	48	94	33	78	42.3	7	26	26.9	21	36	58.3	10	38	48	17	14	3	5	21	-9	
TOR	TOR @ SAS	10/23/2017		L	48	97	34	80	42.5	10	37	27.0	19	24	79.2	5	29	34	17	15	11	4	30	-4	
MIA	MIA vs. ATL	10/23/2017		W	48	104	39	85	45.9	14	37	37.8	12	18	66.7	10	31	41	21	19	12	6	19	11	
LAL	LAL vs. NOP	10/22/2017		L	48	112	44	90	48.9	9	27	33.3	15	20	75.0	9	29	38	27	17	7	6	24	-7	
MIN	MIN @ OKC	10/22/2017		W	48	115	43	86	50.0	10	25	40.0	19	23	82.6	10	35	45	25	18	5	1	17	2	
ATL	ATL @ BKN	10/22/2017		L	48	104	32	94	34.0	7	27	25.9	33	36	91.7	16	32	48	21	16	6	2	25	-12	
BKN	BKN vs. ATL	10/22/2017		W	48	116	41	87	47.1	11	27	40.7	23	34	67.6	13	38	51	27	18	12	8	27	12	
NOP	NOP @ LAL	10/22/2017		W	48	119	47	83	56.6	10	32	31.3	15	21	71.4	6	36	42	26	18	14	5	20	7	
OKC	OKC vs. MIN	10/22/2017		L	48	113	46	96	47.9	11	31	35.5	10	16	62.5	9	27	36	26	11	9	6	22	-2	
DAL	DAL @ HOU	10/21/2017		L	48	91	31	84	36.9	13	31	41.9	16	21	76.2	8	33	41	19	14	6	0	19	-16	
LAC	LAC vs. PHX	10/21/2017		W	48	130	48	88	54.5	12	26	46.2	22	30	73.3	10	42	52	26	12	12	2	32	42	
GSW	GSW @ MEM	10/21/2017		L	48	101	33	84	39.3	12	38	31.6	23	27	85.2	12	34	46	20	17	10	7	28	-10	
OKC	OKC @ UTA	10/21/2017		L	48	87	32	78	41.0	11	33	33.3	12	19	63.2	8	30	38	15	17	14	4	16	-9	
SAC	SAC @ DEN	10/21/2017		L	48	79	31	85	36.5	8	22	36.4	9	13	69.2	12	27	39	15	14	6	3	21	-17	
CLE	CLE vs. ORL	10/21/2017		L	48	93	33	86	38.4	7	25	28.0	20	27	74.1	11	33	44	15	16	4	7	14	-21	
MIL	MIL vs. POR	10/21/2017		W	48	113	42	80	52.5	7	18	38.9	22	30	73.3	7	28	35	22	14	9	8	23	3	
HOU	HOU vs. DAL	10/21/2017		W	48	107	39	82	47.6	11	47	23.4	18	22	81.8	8	46	54	17	15	12	4	24	16	
TOR	TOR vs. PHI	10/21/2017		W	48	128	42	89	47.2	13	44	29.5	31	37	83.8	8	43	51	23	13	5	10	29	34	
MEM	MEM vs. GSW	10/21/2017		W	48	111	36	77	46.8	10	27	37.0	29	37	78.4	6	34	40	20	14	8	4	25	10	
DEN	DEN vs. SAC	10/21/2017		W	48	96	37	85	43.5	10	30	33.3	12	20	60.0	18	40	58	25	16	7	2	19	17	
SAS	SAS @ CHI	10/21/2017		W	48	87	38	93	40.9	1	12	8.3	10	16	62.5	14	38	52	25	11	8	3	14	10	
MIA	MIA vs. IND	10/21/2017		W	48	112	45	87	51.7	14	34	41.2	8	14	57.1	6	39	45	24	14	6	11	19	4	
DET	DET @ NYK	10/21/2017		W	48	111	44	91	48.4	9	30	30.0	14	15	93.3	15	28	43	21	13	5	2	25	4	
ORL	ORL @ CLE	10/21/2017		W	48	114	40	90	44.4	17	35	48.6	17	20	85.0	12	38	50	28	12	7	6	28	21	
IND	IND @ MIA	10/21/2017		L	48	108	43	96	44.8	7	19	36.8	15	21	71.4	13	32	45	18	11	9	4	18	-4	
PHX	PHX @ LAC	10/21/2017		L	48	88	27	71	38.0	6	24	25.0	28	38	73.7	4	32	36	19	20	8	3	27	-42	
UTA	UTA vs. OKC	10/21/2017		W	48	96	38	77	49.4	9	29	31.0	11	14	78.6	7	34	41	22	19	11	4	21	9	
PHI	PHI @ TOR	10/21/2017		L	48	94	32	82	39.0	8	24	33.3	22	36	61.1	8	33	41	18	20	5	4	26	-34	
CHI	CHI vs. SAS	10/21/2017		L	48	77	31	82	37.8	8	28	28.6	7	9	77.8	8	40	48	18	20	3	5	15	-10	
NYK	NYK vs. DET	10/21/2017		L	48	107	37	81	45.7	8	30	26.7	25	31	80.6	12	27	39	20	14	6	2	21	-4	
POR	POR @ MIL	10/21/2017		L	48	110	34	81	42.0	11	28	39.3	31	35	88.6	13	29	42	18	16	10	6	22	-3	
WAS	WAS vs. DET	10/20/2017		W	48	115	40	75	53.3	6	17	35.3	29	35	82.9	7	30	37	25	17	12	7	18	4	
IND	IND vs. POR	10/20/2017		L	48	96	35	78	44.9	4	18	22.2	22	33	66.7	6	33	39	15	12	1	4	17	-18	
DET	DET @ WAS	10/20/2017		L	48	111	43	87	49.4	10	23	43.5	15	20	75.0	10	23	33	19	19	12	1	32	-4	
POR	POR @ IND	10/20/2017		W	48	114	46	95	48.4	9	19	47.4	13	17	76.5	11	40	51	19	9	5	6	26	18	
GSW	GSW @ NOP	10/20/2017		W	48	128	47	91	51.6	18	40	45.0	16	20	80.0	10	39	49	29	18	6	8	23	8	
BKN	BKN vs. ORL	10/20/2017		W	48	126	46	92	50.0	9	27	33.3	25	35	71.4	15	33	48	22	18	13	6	17	5	
NOP	NOP vs. GSW	10/20/2017		L	48	120	45	98	45.9	16	36	44.4	14	22	63.6	16	35	51	26	19	8	4	19	-8	
SAC	SAC @ DAL	10/20/2017		W	48	93	37	87	42.5	10	23	43.5	9	13	69.2	16	41	57	20	15	8	3	18	5	
ATL	ATL @ CHA	10/20/2017		L	48	91	36	95	37.9	7	30	23.3	12	14	85.7	6	32	38	19	13	11	4	29	-18	
DAL	DAL vs. SAC	10/20/2017		L	48	88	31	75	41.3	11	33	33.3	15	21	71.4	7	29	36	19	12	8	7	13	-5	
CHA	CHA vs. ATL	10/20/2017		W	48	109	37	86	43.0	11	36	30.6	24	30	80.0	12	45	57	17	21	5	4	18	18	
MIN	MIN vs. UTA	10/20/2017		W	48	100	36	81	44.4	7	22	31.8	21	26	80.8	10	34	44	17	16	11	2	17	3	
BOS	BOS @ PHI	10/20/2017		W	48	102	35	84	41.7	10	29	34.5	22	32	68.8	14	41	55	16	19	4	5	24	10	
PHI	PHI vs. BOS	10/20/2017		L	48	92	35	92	38.0	10	32	31.3	12	16	75.0	14	33	47	20	17	7	4	30	-10	
CLE	CLE @ MIL	10/20/2017		W	48	116	44	81	54.3	11	26	42.3	17	17	100	9	35	44	25	18	8	3	10	19	
MIL	MIL vs. CLE	10/20/2017		L	48	97	38	82	46.3	11	35	31.4	10	12	83.3	8	22	30	23	15	9	2	17	-19	
UTA	UTA @ MIN	10/20/2017		L	48	97	37	77	48.1	9	22	40.9	14	17	82.4	7	31	38	23	19	10	8	21	-3	
ORL	ORL @ BKN	10/20/2017		L	48	121	45	89	50.6	18	33	54.5	13	15	86.7	9	31	40	30	22	9	3	27	-5	
LAL	LAL @ PHX	10/20/2017		W	48	132	48	93	51.6	12	26	46.2	24	33	72.7	5	37	42	22	19	8	3	31	2	
PHX	PHX vs. LAL	10/20/2017		L	48	130	45	92	48.9	14	29	48.3	26	38	68.4	10	40	50	17	20	8	9	25	-2	
TOR	TOR vs. CHI	10/19/2017		W	48	117	39	83	47.0	13	29	44.8	26	28	92.9	13	36	49	26	17	10	4	19	17	
OKC	OKC vs. NYK	10/19/2017		W	48	105	39	90	43.3	11	38	28.9	16	22	72.7	13	28	41	26	20	14	7	22	21	
LAL	LAL vs. LAC	10/19/2017		L	48	92	37	91	40.7	4	16	25.0	14	23	60.9	12	40	52	21	20	8	7	15	-16	
CHI	CHI @ TOR	10/19/2017		L	48	100	37	89	41.6	10	32	31.3	16	19	84.2	10	29	39	22	19	7	2	23	-17	
NYK	NYK @ OKC	10/19/2017		L	48	84	32	79	40.5	7	24	29.2	13	20	65.0	11	30	41	19	26	8	4	23	-21	
LAC	LAC @ LAL	10/19/2017		W	48	108	42	107	39.3	12	33	36.4	12	13	92.3	17	42	59	23	15	12	3	20	16	
ORL	ORL vs. MIA	10/18/2017		W	48	116	43	90	47.8	8	21	38.1	22	29	75.9	11	40	51	22	15	8	10	18	7	
PHX	PHX vs. POR	10/18/2017		L	48	76	28	89	31.5	7	27	25.9	13	18	72.2	10	23	33	10	16	9	8	22	-48	
POR	POR @ PHX	10/18/2017		W	48	124	44	90	48.9	14	24	58.3	22	28	78.6	15	42	57	22	18	8	7	20	48	
PHI	PHI @ WAS	10/18/2017		L	48	115	43	93	46.2	15	35	42.9	14	19	73.7	11	37	48	25	17	6	6	28	-5	
ATL	ATL @ DAL	10/18/2017		W	48	117	48	94	51.1	9	18	50.0	12	15	80.0	14	36	50	20	13	11	6	18	6	
DAL	DAL vs. ATL	10/18/2017		L	48	111	38	86	44.2	17	45	37.8	18	21	85.7	9	32	41	27	16	5	4	19	-6	
CHA	CHA @ DET	10/18/2017		L	48	90	29	73	39.7	9	30	30.0	23	29	79.3	3	44	47	16	17	4	3	15	-12	
IND	IND vs. BKN	10/18/2017		W	48	140	53	102	52.0	9	34	26.5	25	32	78.1	14	33	47	29	14	12	9	25	9	
NOP	NOP @ MEM	10/18/2017		L	48	91	30	79	38.0	7	25	28.0	24	29	82.8	16	35	51	15	19	4	12	31	-12	
MEM	MEM vs. NOP	10/18/2017		W	48	103	39	92	42.4	9	29	31.0	16	28	57.1	15	30	45	19	12	9	8	29	12	
HOU	HOU @ SAC	10/18/2017		W	48	105	33	83	39.8	12	45	26.7	27	29	93.1	12	32	44	19	16	7	3	14	5	
DET	DET vs. CHA	10/18/2017		W	48	102	41	96	42.7	9	26	34.6	11	12	91.7	9	38	47	24	9	14	3	21	12	
DEN	DEN @ UTA	10/18/2017		L	48	96	36	77	46.8	13	27	48.1	11	12	91.7	7	31	38	21	22	4	3	18	-10	
MIA	MIA @ ORL	10/18/2017		L	48	109	44	102	43.1	8	30	26.7	13	17	76.5	11	33	44	27	13	6	4	20	-7	
BKN	BKN @ IND	10/18/2017		L	48	131	45	94	47.9	12	30	40.0	29	32	90.6	11	32	43	22	20	7	2	25	-9	
UTA	UTA vs. DEN	10/18/2017		W	48	106	41	81	50.6	9	24	37.5	15	16	93.8	6	30	36	28	15	9	5	18	10	
MIL	MIL @ BOS	10/18/2017		W	48	108	38	76	50.0	7	21	33.3	25	30	83.3	6	39	45	19	15	6	4	22	8	
WAS	WAS vs. PHI	10/18/2017		W	48	120	42	97	43.3	6	22	27.3	30	38	78.9	16	36	52	21	10	8	10	20	5	
BOS	BOS vs. MIL	10/18/2017		L	48	100	39	91	42.9	11	28	39.3	11	21	52.4	11	32	43	23	15	12	2	27	-8	
MIN	MIN @ SAS	10/18/2017		L	48	99	37	85	43.5	8	19	42.1	17	23	73.9	11	31	42	23	13	7	4	16	-8	
SAC	SAC vs. HOU	10/18/2017		L	48	100	42	88	47.7	8	23	34.8	8	10	80.0	9	33	42	19	18	5	4	20	-5	
SAS	SAS vs. MIN	10/18/2017		W	48	107	41	89	46.1	8	21	38.1	17	19	89.5	12	38	50	22	11	8	11	18	8	
CLE	CLE vs. BOS	10/17/2017		W	48	102	38	83	45.8	5	22	22.7	21	25	84.0	9	41	50	19	17	3	4	25	3	
HOU	HOU @ GSW	10/17/2017		W	48	122	47	97	48.5	15	41	36.6	13	19	68.4	10	33	43	28	13	9	5	16	1	
GSW	GSW vs. HOU	10/17/2017		L	48	121	43	80	53.8	16	30	53.3	19	21	90.5	6	35	41	34	17	5	9	25	-1	
BOS	BOS @ CLE	10/17/2017		L	48	99	36	88	40.9	8	32	25.0	19	25	76.0	9	37	46	24	12	11	4	24	-3	
